time,headset_vel.x,headset_vel.y,headset_vel.z,headset_angularVel.x,headset_angularVel.y,headset_angularVel.z,headset_pos.x,headset_pos.y,headset_pos.z,headset_rot.x,headset_rot.y,headset_rot.z,controller_left_vel.x,controller_left_vel.y,controller_left_vel.z,controller_left_angularVel.x,controller_left_angularVel.y,controller_left_angularVel.z,controller_left_pos.x,controller_left_pos.y,controller_left_pos.z,controller_left_rot.x,controller_left_rot.y,controller_left_rot.z,controller_right_vel.x,controller_right_vel.y,controller_right_vel.z,controller_right_angularVel.x,controller_right_angularVel.y,controller_right_angularVel.z,controller_right_pos.x,controller_right_pos.y,controller_right_pos.z,controller_right_rot.x,controller_right_rot.y,controller_right_rot.z
0.608,0.01913145,-0.001438965,0.007278565,-0.05414863,0.09794259,-0.03147651,-0.1021274,-0.477413,-0.8151711,277.7356,185.0047,171.6987,-0.0002149329,0.001194742,-0.0001227177,0.001234132,-0.01343509,0.02758256,0.2725753,-0.6420074,0.6656241,22.36427,339.2216,320.7291,-0.009312262,-0.03242454,-0.02019438,-0.1666435,0.08704296,0.1046851,-0.2590412,-0.621796,-0.06302969,42.62947,352.0839,343.8896,
9.848,0.02225536,-0.0008681582,0.00636134,-0.04647763,0.1145629,-0.0377838,-0.1017361,-0.4773528,-0.8151091,277.718,184.0428,172.6629,-0.0001713646,0.001221031,-0.0001019685,-0.0001513606,-0.01452658,0.028794,0.2725856,-0.6420041,0.6656206,22.3464,339.2096,320.704,-0.002065938,-0.02070643,-0.01352849,-0.1273994,0.03533827,0.07685584,-0.2587518,-0.6211691,-0.06277057,42.52837,352.1784,343.8816,
22.823,0.02450846,-5.689031E-05,0.00536137,-0.03458889,0.1297791,-0.03361223,-0.1013904,-0.4773264,-0.8150807,277.7091,183.1005,173.6128,5.598316E-05,0.001171559,1.097511E-05,-0.000163122,-0.01690593,0.02283464,0.272594,-0.6420014,0.6656163,22.32995,339.2029,320.6867,0.01168477,0.0050824,0.00357545,-0.01279339,-0.07721771,0.006220723,-0.2585336,-0.6208986,-0.06273483,42.35042,352.33,343.8963,
36.424,0.02450066,0.0001438181,0.004208905,-0.02585905,0.1326242,-0.04174375,-0.1011555,-0.4773399,-0.8150164,277.7003,182.2883,174.3884,-0.0002247902,0.0009662951,-0.0001254642,0.005977816,-0.009608426,0.01759344,0.2725996,-0.6419997,0.6656135,22.31958,339.1961,320.6769,0.01714195,0.02654169,0.01428847,0.08251077,-0.1928332,0.01429425,-0.2577373,-0.6198273,-0.06217144,41.96243,352.3466,343.4876,
51.173,0.02213011,0.0001351358,0.003359182,-0.01269758,0.1203199,-0.05789968,-0.101033,-0.4773447,-0.8149724,277.7159,181.6983,174.9066,0.000542003,0.0008700115,0.0002557715,0.003183055,-0.0189515,0.002131728,0.2726049,-0.641998,0.6656114,22.31005,339.1948,320.6664,0.01974876,0.03828192,0.02207907,0.1362705,-0.1910925,-0.03505483,-0.2575085,-0.6188239,-0.06192697,41.69234,352.5544,343.5523,
65.383,0.01822913,0.0004364788,0.003000746,0.00676483,0.09339609,-0.07212902,-0.1007545,-0.4772986,-0.8149233,277.7591,181.4382,175.0773,-0.0004806206,-0.000681983,-0.0002281717,-0.007604039,0.01505559,0.005546849,0.2726073,-0.6419973,0.6656111,22.31101,339.1879,320.6596,0.01280746,0.04065118,0.0377194,0.07613888,-0.2827895,0.06752792,-0.2574583,-0.6187432,-0.06056971,41.60754,352.2656,342.9256,
77.538,0.01394082,0.0006428724,0.00261035,0.01416068,0.06667286,-0.07466162,-0.1007294,-0.4772449,-0.814911,277.7693,181.4306,175.0337,-0.0004519666,-0.0009545283,-0.0002100099,-0.009861447,0.018173,0.002015196,0.2726068,-0.6419974,0.6656115,22.31382,339.1876,320.6608,0.009561309,0.02604891,0.04725303,0.05724759,-0.1917516,-0.0135708,-0.2577723,-0.6192363,-0.06011324,41.6189,352.4931,343.1251,
92.683,0.01000638,0.0001680118,0.002244465,0.003165828,0.04445117,-0.04391059,-0.1007242,-0.4772527,-0.8149011,277.7332,181.5282,175.0016,0.0007054808,-0.0002842384,0.0003537872,-0.00378078,-0.006034707,-0.01679566,0.2726058,-0.6419979,0.6656135,22.31759,339.1919,320.6636,-0.003104551,0.001729567,0.03791398,0.01843945,0.027458,-0.1040428,-0.2589317,-0.6201434,-0.06008198,41.8315,352.7415,343.744,
107.575,0.007825528,-0.001079988,0.001881254,-0.02138142,0.04067076,0.005638967,-0.1006697,-0.477324,-0.8148945,277.6544,181.5015,175.1595,0.0008229145,-0.0006648768,0.0004174004,-0.01098639,-0.003162448,-0.01866424,0.2726055,-0.6419982,0.6656178,22.32982,339.1904,320.66,-0.01293662,0.0003552039,0.0308502,0.01872781,0.0434657,-0.08507011,-0.2585293,-0.6189182,-0.06056134,41.88079,352.7586,343.7854,
120.697,0.006266074,-0.002364243,0.002524705,-0.04482682,0.04235318,0.04280071,-0.1006167,-0.4774095,-0.8148429,277.5738,181.3421,175.4193,-0.0001995129,-0.0004767839,-9.221806E-05,-0.01376136,0.007752538,0.01079215,0.2726061,-0.6419985,0.6656248,22.34761,339.1768,320.6462,-0.007132203,0.01131104,0.02564706,0.06425036,0.06405074,-0.1485906,-0.2584732,-0.6187887,-0.06033149,41.76918,353.0835,344.1709,
135.132,0.003382864,-0.002766696,0.003618758,-0.0712528,0.0373674,0.04740141,-0.1006584,-0.4774415,-0.8147577,277.4594,181.3526,175.437,-0.0001823948,-0.0003383759,-8.57747E-05,-0.0150813,0.005464246,0.01477578,0.272608,-0.6419984,0.6656311,22.362,339.1691,320.6329,-0.006534879,0.002274051,0.02472067,0.03520498,0.08938363,-0.1501378,-0.2586568,-0.6192749,-0.06010287,41.81388,353.23,344.3841,
148.936,0.0004802039,-0.002930058,0.004073585,-0.10518,0.0213794,0.04120168,-0.1007421,-0.4774688,-0.8146867,277.308,181.5272,175.2737,-0.0007282881,-0.001070694,-0.0003468681,-0.01974883,0.02241009,0.01730181,0.2726113,-0.6419979,0.6656383,22.38214,339.1543,320.6136,-0.004683348,-0.0141867,0.01898524,-0.06324401,0.1376394,-0.1304166,-0.2588437,-0.6197,-0.05982925,42.09324,353.3262,344.5961,
162.395,-0.001711871,-0.002639154,0.003574784,-0.1244992,0.006230993,0.04756385,-0.100824,-0.4774842,-0.8146586,277.1796,181.8833,174.9855,-0.0004807838,-4.193227E-05,-0.0002379449,-0.01144528,0.005797415,0.023062,0.2726155,-0.6419968,0.6656399,22.37826,339.1466,320.6006,-0.003593963,-0.01406657,0.01710474,-0.02699945,0.1176601,-0.1245776,-0.259375,-0.6199828,-0.05841992,42.05586,353.3976,344.6909,
175.056,-0.002825336,-0.002060166,0.001176613,-0.1115511,-0.001668127,0.07008483,-0.1008826,-0.4774834,-0.8147304,277.1716,182.2803,174.7096,-0.0002152831,0.0007160851,-0.0001166785,0.007203754,-0.00618163,0.01082365,0.2726203,-0.6419953,0.6656373,22.36677,339.1394,320.5941,-0.005258941,-0.01146324,0.01810049,-0.01586065,0.07278828,-0.0669544,-0.2600894,-0.6205495,-0.05612408,42.03611,353.2968,344.5635,
190.764,-0.002209795,-0.001503528,-0.003634147,-0.07481442,-0.001484609,0.1102103,-0.1008822,-0.4774675,-0.8149458,277.2127,182.5758,174.5921,-0.0003432643,0.00150782,-0.0001917634,0.01532572,-0.01447367,0.02020536,0.2726238,-0.6419938,0.6656314,22.3448,339.1328,320.5884,-0.005789882,-0.006230165,0.02207176,-0.007655524,0.02182253,-0.01001739,-0.2609047,-0.6211909,-0.05350391,42.02882,353.2162,344.4542,
204.671,0.0001545725,-0.001475151,-0.0109435,-0.02619611,0.01560673,0.1529536,-0.1008023,-0.4774632,-0.8153411,277.301,182.4046,174.972,-1.784386E-05,0.001969269,-3.798018E-05,0.01559279,-0.02518033,0.02215783,0.2726296,-0.6419916,0.6656228,22.31497,339.1279,320.5796,-0.003915837,0.002831765,0.01962132,0.02635935,-0.02651575,0.02066849,-0.2608443,-0.6209864,-0.05381874,41.97025,353.1752,344.3859,
216.855,0.003219572,-0.001788716,-0.01706732,0.01618274,0.03875499,0.177164,-0.1006519,-0.4774802,-0.8157883,277.4098,182.0581,175.5051,4.341857E-05,0.002133737,-1.134157E-05,0.01287061,-0.02854276,0.02736337,0.272638,-0.6419886,0.665614,22.28378,339.1199,320.5634,-0.00438966,0.00686868,0.01635759,0.02924282,-0.05175152,0.05904524,-0.2607643,-0.6207858,-0.05402967,41.91731,353.0714,344.2528,
232.641,0.006529666,-0.00233318,-0.02181771,0.04508638,0.06205286,0.1797681,-0.1002346,-0.4775422,-0.8164206,277.4853,181.6817,176.0239,0.000131317,0.002416448,2.618786E-05,0.01790864,-0.03306374,0.02530505,0.2726475,-0.6419854,0.6656044,22.24786,339.1148,320.5488,-0.00415483,0.006492908,0.01541645,0.0255698,-0.06231961,0.06794691,-0.2607332,-0.6207241,-0.054088,41.87658,352.993,344.1408,
246.669,0.009605632,-0.002570097,-0.02314927,0.04999954,0.07851439,0.1657653,-0.1000381,-0.4775145,-0.8166274,277.5136,181.1395,176.6689,0.0001141984,0.002278102,1.927519E-05,0.01922913,-0.03078992,0.02132401,0.2726507,-0.6419841,0.6656002,22.23359,339.1138,320.5455,-0.003996085,0.005149995,0.01511286,0.01773287,-0.05774967,0.06413852,-0.2607289,-0.6207221,-0.05408031,41.86805,352.961,344.0943,
258.846,0.01202089,-0.001955837,-0.02174219,0.03500786,0.09044918,0.1513015,-0.09981351,-0.4774894,-0.8168221,277.4986,180.619,177.3007,0.00015162,0.001985357,4.104333E-05,0.02606137,-0.02657423,0.006542971,0.2726575,-0.6419811,0.6655846,22.19268,339.1193,320.55,-0.004840046,-0.0006243597,0.01437961,0.0006982031,-0.03106586,0.03863545,-0.2607349,-0.6206989,-0.05431855,41.87649,352.9416,344.0656,
274.625,0.01394528,-0.001218779,-0.01929802,0.01579333,0.1015081,0.1425191,-0.09958187,-0.4774758,-0.8170202,277.4717,180.0526,177.9836,0.0002993267,0.001402125,0.0001238296,0.02225019,-0.02098778,-0.004108015,0.2726583,-0.6419804,0.6655756,22.17313,339.1271,320.5594,-0.005999881,-0.002797221,0.01456716,-0.001041763,-0.002654224,0.01679735,-0.2607667,-0.6207074,-0.0543844,41.8791,352.9402,344.0749,
288.411,0.01531194,-0.0009302085,-0.01744615,-0.00107869,0.1088953,0.1358987,-0.09932342,-0.4775091,-0.817269,277.4397,179.5676,178.5884,0.0003351877,0.0008791093,0.0001505433,0.02126625,-0.01442493,-0.01441473,0.2726544,-0.6419809,0.6655675,22.15777,339.1409,320.5807,-0.006625999,-0.004012195,0.01552977,0.001488033,0.01713293,-0.01508959,-0.2608651,-0.6207567,-0.05434452,41.88195,352.9655,344.1136,
301.853,0.01645439,-0.001382568,-0.01634603,-0.01028257,0.1105907,0.1396799,-0.09908158,-0.4775585,-0.8174877,277.4293,179.1456,179.1531,0.0005036418,0.0005048166,0.0002406006,0.02175384,-0.01155224,-0.02633734,0.2726477,-0.6419824,0.6655607,22.14651,339.1594,320.611,-0.007546356,-0.005948893,0.01617406,-0.003482551,0.03790817,-0.03509263,-0.2609958,-0.6208194,-0.05431956,41.89994,353.0196,344.1985,
315.851,0.01696669,-0.001451587,-0.01498689,-0.007955307,0.1177211,0.1456087,-0.09881739,-0.4775704,-0.8175977,277.4414,178.5911,179.8545,0.0005111159,2.396446E-05,0.0002529113,0.01519292,-0.005745808,-0.02861568,0.2726401,-0.6419843,0.6655565,22.14406,339.1753,320.6354,-0.007195639,-0.008000599,0.01625487,-0.017154,0.05510216,-0.05518626,-0.2611205,-0.6209177,-0.05421855,41.9435,353.101,344.3145,
330.11,0.01774841,-0.001556506,-0.01228404,-0.01185785,0.1218947,0.1412551,-0.09854467,-0.4775277,-0.8175847,277.4216,177.9814,180.5858,0.0003958443,-0.0006253138,0.0002072871,0.01619774,0.004806599,-0.04057321,0.2726285,-0.6419874,0.6655545,22.15057,339.1984,320.6768,-0.006242422,-0.009277721,0.01700385,-0.02349026,0.0624672,-0.07481561,-0.2612694,-0.6210094,-0.05401748,41.99375,353.2198,344.4651,
343.824,0.01823157,-0.00124383,-0.009295098,-0.02325473,0.1247161,0.1240039,-0.09834589,-0.4775507,-0.8176491,277.3704,177.2615,181.3631,0.0004944076,-0.001622081,0.0002729268,0.01626052,0.01714388,-0.06324412,0.2726123,-0.6419921,0.6655541,22.17356,339.2322,320.7402,-0.005528351,-0.00881624,0.01809589,-0.02472658,0.05168221,-0.0835638,-0.2613887,-0.6210808,-0.05374712,42.0243,353.3154,344.5586,
355.903,0.0183566,-0.001624949,-0.00825893,-0.0451822,0.1283733,0.09765705,-0.09808704,-0.4775868,-0.8178257,277.2915,176.4151,182.2559,0.0003293552,-0.00275559,0.0002081787,0.01547083,0.03492639,-0.08194014,0.2725888,-0.641999,0.6655567,22.21744,339.2711,320.8256,-0.005743859,-0.007015765,0.01966384,-0.01808485,0.03110542,-0.07034682,-0.2614247,-0.6211045,-0.05353409,42.03051,353.3582,344.5867,
371,0.01853802,-0.001663403,-0.008060176,-0.03822933,0.127886,0.05940411,-0.0978424,-0.4775739,-0.8180415,277.3076,175.6052,183.036,0.0003045104,-0.003668402,0.0002059257,0.02171197,0.04866831,-0.1074946,0.2725577,-0.6420084,0.6655613,22.27894,339.3263,320.9502,-0.004665726,-0.005021785,0.02089492,-0.01533059,0.01345906,-0.06132887,-0.261051,-0.6210096,-0.05357311,42.03561,353.3991,344.6026,
385.388,0.01855585,-0.001331538,-0.009078845,-0.007766915,0.12401,0.03221404,-0.09756973,-0.4775381,-0.8182235,277.3924,175.0058,183.6343,-1.048369E-05,-0.004131088,5.17347E-05,0.02123476,0.05945034,-0.1094791,0.2725212,-0.6420194,0.6655678,22.33939,339.3614,321.0508,-0.003196722,-0.003619404,0.02148617,-0.02314105,-0.003421398,-0.04639787,-0.2605961,-0.6208933,-0.05363832,42.05102,353.4241,344.5959,
398.763,0.01912402,-0.001259851,-0.009730812,0.02360613,0.1127688,0.02889854,-0.09721783,-0.4775511,-0.8182406,277.4778,174.6845,184.0105,5.544408E-05,-0.004197916,8.052269E-05,0.01064811,0.05840391,-0.09975261,0.2724862,-0.6420301,0.665576,22.38955,339.3872,321.1146,-0.001822491,-0.002938063,0.02076654,-0.0356315,-0.01930597,-0.03518388,-0.2604002,-0.6208542,-0.0534859,42.07971,353.4503,344.5747,
413.873,0.02005242,-0.001238361,-0.009237134,0.03547518,0.1057432,0.03964363,-0.09684029,-0.4775872,-0.8183061,277.5117,174.2663,184.4984,3.120572E-05,-0.003608874,5.822731E-05,0.004764452,0.04997937,-0.08016713,0.2724568,-0.6420394,0.6655852,22.42294,339.4003,321.1523,-0.001061674,-0.00133276,0.02094002,-0.03877536,-0.01939875,-0.04111182,-0.2604741,-0.6207937,-0.05313862,42.10897,353.5084,344.5946,
427.871,0.02186604,-0.0008752695,-0.00767406,0.03864805,0.1135059,0.04865883,-0.09643164,-0.4775829,-0.8183456,277.5488,173.4952,185.3496,4.792003E-05,-0.002992629,5.723581E-05,-0.002468381,0.04042005,-0.05937877,0.2724344,-0.6420466,0.6655941,22.4511,339.4089,321.1765,-0.003278157,0.002694016,0.02459016,-0.02259795,-0.04196878,-0.02057988,-0.26058,-0.6206879,-0.05268563,42.10217,353.524,344.5567,
440.869,0.02352502,-0.0005134633,-0.007011396,0.03874435,0.127389,0.04722957,-0.09606799,-0.4775509,-0.8184669,277.5971,172.5532,186.3449,-9.62352E-05,-0.00273203,-1.878572E-05,-0.003034755,0.03873358,-0.05022229,0.2724188,-0.6420517,0.6656015,22.48031,339.417,321.2046,-0.005958255,0.00636647,0.02904596,0.003368179,-0.0698605,0.003521515,-0.2607064,-0.6205865,-0.05211483,42.05155,353.5035,344.4587,
454.824,0.0243989,0.000168724,-0.007100884,0.0507038,0.1347107,0.0409484,-0.09578876,-0.4775125,-0.8186188,277.6942,171.8451,187.0804,-0.0003217042,-0.002135939,-0.000138143,-0.003366529,0.03351004,-0.03272603,0.2724021,-0.6420572,0.6656107,22.50878,339.4205,321.2271,-0.007197023,0.006947091,0.03309492,0.02249335,-0.07093226,0.01131624,-0.2608021,-0.620598,-0.05154946,41.98838,353.4798,344.3795,
469.495,0.02356493,0.0004176013,-0.00863209,0.07373722,0.1253813,0.01719203,-0.09555432,-0.4775153,-0.8188083,277.8132,171.4207,187.478,-0.0001205153,-0.00152225,-4.505665E-05,-0.003514947,0.02228514,-0.02436757,0.2723934,-0.6420602,0.6656148,22.52279,339.4236,321.2402,-0.006399137,0.004012933,0.03233945,0.01957017,-0.0430333,-0.01448275,-0.2609269,-0.6206809,-0.05184121,41.98605,353.5345,344.4367,
483.643,0.02184594,0.0003855629,-0.009940218,0.1000442,0.1089382,-0.007854108,-0.09531531,-0.4775153,-0.8189516,277.9557,171.1244,187.7179,-0.0002977664,0.0001092753,-0.0001486104,-0.002311791,0.002212729,0.01137779,0.2723894,-0.6420616,0.6656181,22.52939,339.4174,321.2398,-0.005573395,-0.003308476,0.0286595,0.003544496,0.03286685,-0.06562474,-0.2611709,-0.620852,-0.05230733,42.02699,353.6775,344.6482,
497.416,0.01973135,0.000109951,-0.01057576,0.1137363,0.08962463,-0.03438631,-0.09510057,-0.4775321,-0.8190638,278.0604,170.8492,187.9213,-0.0002388126,0.0008238317,-0.0001263506,-0.00524206,-0.008839956,0.02810094,0.2723953,-0.6420597,0.6656176,22.52104,339.4045,321.2177,-0.004813593,-0.007350092,0.02587852,-0.005794434,0.07432999,-0.0926626,-0.261362,-0.6209943,-0.05223316,42.07555,353.8298,344.879,
510.292,0.01794587,-7.072091E-05,-0.01001622,0.1122506,0.07652976,-0.04966164,-0.09494133,-0.4775326,-0.8191633,278.1377,170.5034,188.2051,-0.0004581894,0.001330757,-0.0002406077,-0.002150307,-0.01250238,0.03958317,0.272406,-0.6420565,0.6656156,22.50356,339.3839,321.1848,-0.003842074,-0.009633791,0.02347459,-0.01181116,0.09578796,-0.0995836,-0.2614486,-0.6211013,-0.05195441,42.12426,353.9438,345.0706,
524.189,0.01557727,0.0001319433,-0.008042349,0.1021225,0.06681817,-0.06055988,-0.09469385,-0.4775269,-0.8192692,278.1888,170.1844,188.4669,-0.0002231774,0.002222196,-0.0001346472,-0.00493272,-0.02829115,0.05591841,0.2724213,-0.6420516,0.6656114,22.46975,339.3571,321.1314,-0.002291178,-0.009510759,0.02090206,-0.01516662,0.08380652,-0.08617648,-0.2614454,-0.6211209,-0.0518194,42.14733,353.9806,345.1249,
536.257,0.01300929,0.0001580091,-0.005128858,0.08224367,0.05233797,-0.06495239,-0.09461151,-0.4775021,-0.8191906,278.2101,170.0292,188.569,-0.0002149473,0.002611886,-0.0001369074,-0.007497905,-0.03401608,0.06668509,0.2724414,-0.6420453,0.6656061,22.43234,339.3275,321.0692,-0.001153653,-0.006212791,0.01905464,-0.01173186,0.0496655,-0.0572211,-0.2614362,-0.6210777,-0.05174929,42.14104,353.9627,345.0877,
552.328,0.01089935,6.87032E-05,-0.002200206,0.05960867,0.04266488,-0.05201299,-0.09453863,-0.4774844,-0.8190759,278.2023,169.8904,188.7114,-0.0002779201,0.002537338,-0.0001691645,-0.008314788,-0.03216431,0.06749334,0.272463,-0.6420385,0.6656005,22.40039,339.2998,321.0154,-0.0005755154,-0.001084285,0.01884195,0.006746545,0.006082477,-0.02482887,-0.2614482,-0.6210745,-0.05165024,42.11417,353.941,345.0414,
566.233,0.008397706,-0.000311265,0.0001526014,0.0312722,0.03580195,-0.02901331,-0.09448679,-0.477508,-0.8190103,278.1695,169.8003,188.847,-0.0002312946,0.002333856,-0.0001451493,-0.01759486,-0.03098377,0.07317285,0.2724863,-0.6420314,0.6655965,22.3707,339.2686,320.9459,-0.0001284662,0.002164631,0.01921893,0.01665823,-0.02085104,-0.00462105,-0.2614736,-0.621059,-0.05143633,42.09007,353.9357,345.0133,
579.325,0.00634829,-0.0004227539,0.002420892,0.01552774,0.02941328,-0.0002028888,-0.09444529,-0.4775224,-0.8189165,278.1645,169.859,188.8509,-0.0003399269,0.00216335,-0.0001983449,-0.02268702,-0.02766115,0.07799864,0.2725119,-0.6420238,0.6655943,22.3443,339.232,320.8708,4.281616E-05,0.002234817,0.01936853,0.009290401,-0.02504815,0.005944266,-0.2614997,-0.6210501,-0.05120103,42.07831,353.9247,344.9832,
594.85,0.004463638,-9.520969E-05,0.004155348,0.006159937,0.02673176,0.03004462,-0.0944435,-0.4774908,-0.818802,278.1616,169.8775,188.9221,-0.0001810414,0.001490027,-0.0001108223,-0.02310324,-0.0205701,0.06131759,0.2725388,-0.6420159,0.6655942,22.33067,339.2091,320.8187,-0.0003401493,0.0009051721,0.01936822,0.002531271,-0.01972367,0.008317205,-0.2614979,-0.6210603,-0.0510702,42.07418,353.9138,344.9614,
609.226,0.003067712,-0.0003271138,0.005323545,-0.006279487,0.02165943,0.05977729,-0.09444478,-0.4774757,-0.8186918,278.1273,170.0297,188.87,-0.0002874729,0.0007493489,-0.0001534226,-0.01868259,-0.008453169,0.04337982,0.2725555,-0.6420112,0.6655959,22.3278,339.1932,320.7892,-0.001329458,-0.0005680684,0.01957303,0.006175773,-0.005138023,0.007394234,-0.2614634,-0.6210839,-0.05100318,42.06722,353.9047,344.957,
623.491,0.002170393,-0.0005820063,0.005758216,-0.01840422,0.02149067,0.07936481,-0.09443341,-0.4774703,-0.8186061,278.0926,170.0283,188.9742,1.60835E-05,-0.0003459638,1.28771E-05,-0.02069234,0.002274066,0.01680284,0.2725657,-0.6420084,0.6655993,22.33265,339.1841,320.7703,-0.001904238,-0.00164674,0.01963098,0.002502031,0.002972722,0.006622052,-0.2614612,-0.6211161,-0.05087212,42.06952,353.8969,344.9556,
637.705,0.001947524,-0.0008193961,0.005592775,-0.02819923,0.02296645,0.09307746,-0.09438787,-0.4774626,-0.8185544,278.0477,170.0378,189.063,-0.0001144491,-0.00113431,-4.110165E-05,-0.01837616,0.01513794,0.0008973865,0.2725685,-0.642008,0.6656049,22.34656,339.1781,320.7604,-0.002631795,-0.001762095,0.01992899,0.002140819,0.001346512,0.009119082,-0.2615208,-0.6211523,-0.05060914,42.07013,353.8844,344.948,
651.955,0.002187195,-0.0005672326,0.00557826,-0.02081396,0.02531489,0.1015078,-0.09432375,-0.4774349,-0.8184988,278.0703,170.0261,189.1706,8.491266E-05,-0.001780916,6.596537E-05,-0.02012726,0.02115549,-0.01454906,0.2725665,-0.6420093,0.6656139,22.37442,339.1779,320.7591,-0.00348655,-0.00132523,0.02039116,0.006793825,0.00401873,0.01869742,-0.2615836,-0.6211857,-0.05031696,42.06598,353.859,344.9344,
665.921,0.002582116,-0.0003605724,0.004997666,-0.01759336,0.02856488,0.1095751,-0.09427327,-0.4774216,-0.8184423,278.0592,170.0383,189.2769,-6.396935E-05,-0.00254706,2.731958E-07,-0.01431262,0.03440397,-0.03364727,0.2725574,-0.6420124,0.6656227,22.41357,339.1858,320.7829,-0.003513399,-0.001183946,0.02031778,0.005315491,-0.00116142,0.02414298,-0.2616281,-0.6212108,-0.05008019,42.06263,353.8324,344.9115,
678.035,0.0036772,-1.671514E-05,0.003470631,-0.005882926,0.03482866,0.1203064,-0.094184,-0.4773997,-0.8184379,278.0951,170.017,189.4191,2.243003E-05,-0.002973264,4.637533E-05,-0.01106886,0.03953323,-0.04795566,0.2725473,-0.6420158,0.6656299,22.4501,339.1981,320.8135,-0.003401456,-0.001057536,0.02018744,0.005715565,-0.002179305,0.03073073,-0.2616564,-0.6212372,-0.0498666,42.05796,353.7986,344.8857,
693.195,0.004936241,0.00020844,0.001254888,0.0133831,0.04124132,0.1277778,-0.0940658,-0.4773742,-0.8184993,278.1475,169.9559,189.5988,-0.0002507134,-0.003339429,-8.920484E-05,-0.007190915,0.04881272,-0.05389993,0.2725245,-0.6420234,0.6656441,22.5115,339.2122,320.866,-0.003301468,-0.0005354342,0.01969776,0.01082835,-0.005467544,0.04556973,-0.2616986,-0.6212713,-0.04958097,42.04359,353.7279,344.8292,
707.46,0.006168442,-6.452412E-05,-0.002433595,0.02968885,0.04909251,0.1203701,-0.09392563,-0.4773663,-0.8186693,278.2043,169.835,189.7933,-0.0004154184,-0.003374404,-0.0001741516,0.003918828,0.05292122,-0.06391244,0.2725033,-0.6420303,0.6656542,22.56102,339.2293,320.9255,-0.002972076,0.0001669021,0.01955548,0.01401167,-0.0115977,0.05473113,-0.2616955,-0.6212831,-0.0493503,42.02822,353.662,344.7701,
720.261,0.007214989,-0.0003636791,-0.006341382,0.04499508,0.05053596,0.1058175,-0.09378353,-0.4773697,-0.818894,278.2742,169.6968,189.9903,-0.0002658153,-0.003635775,-0.0001014589,0.004434396,0.05471978,-0.07301337,0.2724788,-0.6420382,0.6656635,22.61508,339.2526,320.9909,-0.002728099,0.001310081,0.01940292,0.01672905,-0.01441215,0.06773459,-0.2616487,-0.6212699,-0.04921376,42.00576,353.5663,344.6879,
736.053,0.008748041,-0.0009490298,-0.01022261,0.05697992,0.05462404,0.1047451,-0.09361334,-0.4774023,-0.8191628,278.3498,169.638,190.1527,-0.0002850525,-0.002905193,-0.0001192401,0.009782286,0.04552384,-0.06396535,0.2724546,-0.6420459,0.6656709,22.64511,339.2659,321.0377,-0.001588112,0.002276502,0.01779782,0.02220378,-0.0183901,0.06968271,-0.2613702,-0.6211545,-0.04987008,41.97779,353.4931,344.6205,
750.44,0.01054269,-0.0009578127,-0.01340396,0.07107943,0.06780059,0.11653,-0.09341002,-0.4774139,-0.8194508,278.4431,169.441,190.4934,-8.006991E-05,-0.002523308,-2.187312E-05,0.001651828,0.03646743,-0.05122016,0.272435,-0.642052,0.6656773,22.67123,339.2754,321.0673,-0.001103466,0.002191033,0.01596525,0.01978964,-0.02183565,0.08147792,-0.2610793,-0.6210465,-0.05050417,41.95485,353.3972,344.5338,
763.617,0.01289011,-0.001378612,-0.01674907,0.06826343,0.08409336,0.1349257,-0.09304057,-0.4774563,-0.8199538,278.4862,169.0635,191.0402,-0.000275468,-0.001968165,-0.0001239572,0.006844049,0.03202947,-0.04175012,0.2724188,-0.6420572,0.6656818,22.69314,339.2823,321.0994,-0.000250869,0.001784144,0.01489133,0.01385774,-0.02569803,0.08527533,-0.2609497,-0.6210112,-0.05059203,41.93981,353.306,344.4461,
775.954,0.01524609,-0.001790129,-0.01963891,0.06571944,0.1024148,0.1482798,-0.09272864,-0.4775386,-0.8203218,278.5431,168.6905,191.5765,-0.0004004619,-0.001729117,-0.000188455,0.002711103,0.02985584,-0.02941249,0.2724074,-0.6420608,0.6656855,22.71129,339.2836,321.1179,0.0004599015,0.001555004,0.01422869,0.01144634,-0.02520248,0.08342396,-0.2609187,-0.6210089,-0.0504569,41.92746,353.2312,344.3752,
791.472,0.01774143,-0.002132989,-0.02138372,0.07279187,0.1160308,0.1530156,-0.09245305,-0.4775347,-0.8206154,278.6442,168.2221,192.1811,-9.090079E-05,-0.0004653147,-4.243106E-05,0.001585324,0.00792028,-0.009266093,0.2723991,-0.6420636,0.6656889,22.71972,339.2861,321.1273,0.001079214,0.001537259,0.01334838,0.009840591,-0.03266705,0.07848247,-0.2608887,-0.6209998,-0.05030447,41.91002,353.1519,344.2889,
805.871,0.0200774,-0.00220454,-0.02136688,0.08744648,0.1251525,0.1467792,-0.0920665,-0.4775464,-0.8207836,278.7588,167.8802,192.6518,-0.0002046533,0.0003735022,-0.0001040807,0.01195454,-0.0009315928,-0.0018436,0.2723967,-0.6420642,0.6656872,22.71747,339.2851,321.1342,0.001371022,0.001701296,0.01365378,0.005455323,-0.04747971,0.07741477,-0.2608379,-0.621,-0.0501201,41.89174,353.0692,344.1796,
817.997,0.02185944,-0.001938128,-0.02042451,0.0893736,0.1350876,0.1391902,-0.09173019,-0.4775412,-0.8210078,278.8373,167.302,193.348,-0.0001480234,0.0007689904,-7.843929E-05,0.01718,-0.006538881,-0.001113421,0.2723954,-0.6420643,0.6656828,22.70704,339.2856,321.1427,0.001025533,0.002163346,0.01498375,0.001792255,-0.05672674,0.08175775,-0.2607868,-0.6209762,-0.04989544,41.87298,352.9742,344.0529,
832.879,0.02335071,-0.002424628,-0.01915267,0.06802591,0.1462647,0.1224509,-0.091414,-0.4776645,-0.8212808,278.8495,166.5518,194.1839,-0.0001859799,0.001131454,-9.989524E-05,0.01599256,-0.01123779,0.008407334,0.272396,-0.6420637,0.6656776,22.69302,339.2828,321.1445,0.0007334016,0.002734563,0.01599083,-0.0003235277,-0.06708492,0.08386713,-0.2607775,-0.620918,-0.04978653,41.85619,352.8949,343.9355,
846.959,0.02423593,-0.003552183,-0.01745716,0.0316931,0.1543479,0.11556,-0.09108697,-0.4777681,-0.8214356,278.8188,165.8119,195.0395,-0.0001027651,0.001114285,-5.875258E-05,0.007560763,-0.0131856,0.01601003,0.2724001,-0.6420621,0.6656719,22.67629,339.2754,321.1366,0.0008761673,0.003607541,0.01746147,-0.00236408,-0.06858928,0.07365369,-0.2607854,-0.6208439,-0.04968072,41.84361,352.8415,343.8448,
860.427,0.02482025,-0.00356125,-0.01257114,0.01016482,0.1611012,0.1201398,-0.0907107,-0.4777682,-0.8212621,278.8277,165.2211,195.7715,-0.0003428324,0.001342599,-0.0001803619,0.0005390982,-0.01401603,0.03393003,0.2724069,-0.6420597,0.6656682,22.65896,339.261,321.1144,0.0001520547,0.004268082,0.01945356,0.003090318,-0.06382442,0.06327326,-0.2608324,-0.6207973,-0.04956415,41.82144,352.7894,343.7596,
875.188,0.025446,-0.003354226,-0.005642387,-0.02619001,0.1683519,0.1250254,-0.09034857,-0.4777523,-0.8210381,278.7442,164.3022,196.8334,-0.0002380179,0.00160438,-0.0001308896,0.002155176,-0.018843,0.03509548,0.2724191,-0.6420558,0.6656634,22.63493,339.2463,321.0851,-0.001062082,0.003195932,0.02108154,0.007439513,-0.05503948,0.04806299,-0.260859,-0.6208417,-0.04935534,41.80208,352.7593,343.702,
889.492,0.02545925,-0.003131664,0.001713611,-0.08274148,0.1745376,0.1072444,-0.09004761,-0.4777912,-0.8208397,278.5854,163.139,198.0559,-0.0002211259,0.001743029,-0.0001242942,0.0008278755,-0.0211421,0.03907159,0.2724293,-0.6420525,0.6656599,22.61542,339.2325,321.0578,-0.001849125,0.001313739,0.02160247,0.003375476,-0.03363621,0.03215063,-0.2608959,-0.6208802,-0.04919694,41.80345,352.7552,343.6991,
903.146,0.02463282,-0.003176281,0.007306464,-0.1334738,0.165595,0.0625222,-0.08980262,-0.4777933,-0.8207381,278.4298,162.0265,199.1282,-0.0001200898,0.001385058,-7.167389E-05,-0.002888697,-0.01796635,0.03395164,0.2724432,-0.6420482,0.6656557,22.59599,339.2183,321.0268,-0.002800476,-0.002651218,0.02020182,-0.003263132,0.001786288,0.001331528,-0.2607678,-0.621027,-0.05004092,41.81187,352.7751,343.7323,
916.609,0.02226034,-0.00258116,0.01033454,-0.1475513,0.1401574,0.007611615,-0.08962439,-0.4777838,-0.8206632,278.347,161.3518,199.7149,-0.0001215122,0.0008356838,-6.786674E-05,-0.002528833,-0.01026983,0.02245852,0.2724515,-0.6420455,0.6656534,22.58693,339.2101,321.0114,-0.003256174,-0.00406702,0.01938027,-0.002378549,0.01383106,-0.01601103,-0.2607246,-0.621148,-0.05043978,41.81608,352.7982,343.7643,
931.22,0.01975668,-0.00251088,0.01058424,-0.1385603,0.1126129,-0.02675453,-0.08948222,-0.4777927,-0.8205909,278.287,160.8353,200.164,3.428714E-05,0.0003237131,1.419008E-05,-0.0006679419,-0.005034097,0.006577,0.2724568,-0.6420438,0.6656514,22.57977,339.204,321.0023,-0.004632323,-0.004935202,0.02060122,0.008331342,0.03289369,-0.03626008,-0.2609746,-0.6214523,-0.04972147,41.81796,352.8562,343.8528,
945.612,0.01717657,-0.002252585,0.009738791,-0.1105232,0.08855323,-0.04431695,-0.08918074,-0.4777641,-0.8203998,278.2823,160.5043,200.4537,-0.0001745796,-0.0001991508,-8.520061E-05,-0.003885603,0.004644485,0.004251661,0.2724589,-0.6420432,0.6656522,22.58047,339.2015,320.996,-0.005600054,-0.005758585,0.0217126,0.01504454,0.047396,-0.05288267,-0.2612568,-0.6217141,-0.04887472,41.81831,352.9275,343.9641,
957.448,0.01509933,-0.001731048,0.008685526,-0.07390611,0.07440759,-0.04343978,-0.08904181,-0.4777483,-0.8203165,278.3178,160.2801,200.6741,-0.0001241229,-0.0004934161,-5.7504E-05,-0.009679022,0.007347872,0.003911841,0.2724596,-0.6420432,0.6656548,22.58759,339.1964,320.9904,-0.007142582,-0.007151652,0.02229433,0.01549238,0.06645458,-0.06056138,-0.261563,-0.6219559,-0.04814857,41.82861,353.0033,344.1035,
972.907,0.01323887,-0.001013061,0.007761726,-0.0438493,0.06607676,-0.02641944,-0.08891067,-0.4777079,-0.8202618,278.332,160.1081,200.8808,-0.000112627,-0.0009744067,-4.781547E-05,-0.0163043,0.01306726,0.001606752,0.2724601,-0.6420435,0.6656602,22.60274,339.192,320.9827,-0.008107873,-0.007786024,0.02222227,0.01348431,0.07354158,-0.06360639,-0.2617892,-0.6220658,-0.04784094,41.84069,353.0652,344.2152,
986.918,0.01120245,-0.0006990234,0.006248392,-0.02688425,0.05866448,0.003406416,-0.0888155,-0.4776651,-0.8202507,278.3436,159.9664,201.092,-3.948303E-05,-0.0012204,-9.75568E-06,-0.01994447,0.01505838,-0.0007321837,0.2724608,-0.6420438,0.6656687,22.62439,339.1874,320.9718,-0.009618722,-0.007919067,0.02273999,0.01573287,0.07175675,-0.05721026,-0.2621025,-0.6222016,-0.04740651,41.84511,353.1154,344.3201,
999.173,0.009371988,-0.0003186699,0.00513834,-0.008516774,0.05361329,0.0259276,-0.08875622,-0.4776078,-0.8202299,278.3814,159.946,201.1814,-0.0001543508,-0.001231236,-6.7321E-05,-0.02281708,0.01640086,0.004859149,0.2724615,-0.6420441,0.6656756,22.6416,339.1799,320.961,-0.01069263,-0.00792501,0.02424076,0.01330621,0.07594088,-0.05319609,-0.2624907,-0.6223935,-0.04653953,41.86052,353.1581,344.4188,
1014.808,0.00734825,6.648072E-05,0.004384635,0.007610551,0.04336768,0.04099284,-0.08873218,-0.4775388,-0.8202097,278.401,160.0466,201.1301,-6.613847E-05,-0.001108314,-2.466008E-05,-0.01988755,0.01386523,0.002047186,0.2724624,-0.6420444,0.6656826,22.65878,339.1736,320.9517,-0.01154147,-0.007557221,0.02624431,0.01519295,0.06890298,-0.05013315,-0.2629053,-0.6225936,-0.04558032,41.86272,353.2,344.4997,
1028.701,0.005549751,7.156655E-05,0.003881504,0.01009622,0.03244397,0.04615587,-0.08870141,-0.4775099,-0.8201957,278.4054,160.094,201.1255,-0.0002275923,-0.0009850942,-0.0001063815,-0.0191782,0.01440255,0.007210442,0.2724635,-0.6420445,0.6656894,22.67533,339.1654,320.9404,-0.01201233,-0.00701923,0.02761346,0.02100998,0.06649262,-0.05067759,-0.2632354,-0.6227328,-0.04490553,41.85663,353.247,344.593,
1042.277,0.004061275,3.161677E-05,0.003225309,0.01165992,0.02336796,0.04970623,-0.08867921,-0.4774901,-0.8201941,278.4139,160.1736,201.0895,-0.0002623283,-7.298554E-05,-0.0001302897,-0.02078973,0.001958057,0.02818521,0.2724693,-0.6420432,0.6656952,22.6821,339.1527,320.912,-0.0125285,-0.006767801,0.02815695,0.0259712,0.07962351,-0.05594218,-0.2635104,-0.6228438,-0.04446273,41.85627,353.3091,344.7326,
1055.661,0.002906413,-4.16002E-05,0.001743935,0.01462436,0.01881278,0.04984824,-0.08867037,-0.4774843,-0.820228,278.4343,160.2103,201.0919,3.568777E-06,0.0005443239,-2.129033E-06,-0.02599161,-0.0108424,0.04083052,0.2724811,-0.6420401,0.6657003,22.68103,339.1331,320.8647,-0.01287966,-0.007973363,0.02828811,0.02147916,0.09472077,-0.06868508,-0.2638059,-0.6229959,-0.04397527,41.87398,353.4,344.91,
1070.266,0.002373869,-0.0001182037,-0.0003014864,0.01954753,0.01404155,0.05778148,-0.08865583,-0.4774547,-0.820299,278.4618,160.3469,201.0238,-0.0006541839,0.001680625,-0.0003395302,-0.01437742,-0.01637158,0.06452941,0.2724983,-0.642035,0.6657002,22.65604,339.095,320.8029,-0.01327982,-0.009792652,0.02864764,0.01370148,0.1133189,-0.08153494,-0.2641507,-0.6231467,-0.04338859,41.91042,353.5132,345.131,
1084.56,0.002405488,0.0001112111,-0.002597772,0.0310306,0.01561404,0.07836584,-0.08862151,-0.4774067,-0.820409,278.5027,160.5314,200.9538,-0.0006331913,0.002070423,-0.0003339115,-0.029772,-0.0238156,0.08958049,0.2725231,-0.6420277,0.6656994,22.62551,339.0387,320.6971,-0.0134765,-0.01118344,0.02905684,0.005506781,0.1253241,-0.09318033,-0.2644691,-0.623284,-0.04281333,41.95467,353.6383,345.3576,
1096.595,0.003225625,2.012239E-05,-0.004036371,0.04527701,0.02586585,0.09874942,-0.08853602,-0.4773932,-0.8205342,278.5714,160.6165,200.9991,-0.0003814898,0.002940421,-0.0002181613,-0.02368951,-0.03843956,0.09458143,0.2725497,-0.64202,0.6656988,22.58452,339.0044,320.614,-0.01407202,-0.01144602,0.02945607,-0.0001814885,0.1191828,-0.07825492,-0.2646697,-0.6233522,-0.04240368,41.984,353.6697,345.4511,
1111.605,0.004712973,-0.0009295307,-0.003716253,0.04797142,0.03555263,0.110379,-0.08840694,-0.4774335,-0.8206,278.6098,160.4968,201.2263,0.0005031367,0.003081604,0.0002194321,-0.01568735,-0.0512678,0.0690169,0.2725867,-0.6420088,0.6656923,22.5412,338.9847,320.5546,-0.01323483,-0.009848585,0.02991462,-0.004336199,0.06503689,-0.03784212,-0.2646251,-0.6233718,-0.04221505,41.97363,353.6046,345.3304,
1126.094,0.005520797,-0.001436824,-0.002873981,0.006349242,0.04693415,0.1016685,-0.08830227,-0.4774565,-0.8206246,278.5152,160.0083,201.7709,0.0002979122,0.00401304,0.0001026169,0.03404102,-0.05572537,0.03486688,0.2726046,-0.6420028,0.6656805,22.48569,338.9926,320.5591,-0.0108572,-0.008246264,0.0306272,-0.005709907,0.03236287,-0.01029225,-0.2646712,-0.6234097,-0.0419591,41.97039,353.5704,345.2797,
1139.247,0.006275735,-0.00141029,-0.002190999,-0.02596575,0.05178577,0.0826797,-0.08819969,-0.4774493,-0.8206344,278.4578,159.6081,202.1965,0.0003059507,0.002661221,0.0001205637,0.02358441,-0.03829208,0.01962243,0.2726132,-0.6419991,0.6656642,22.45691,338.9929,320.5594,-0.008407477,-0.006303684,0.03092315,-0.01492217,-0.002155734,0.01656849,-0.2647418,-0.6234275,-0.04159038,41.97945,353.5283,345.2129,
1153.489,0.006595781,-0.001062161,-0.001660701,-0.02126152,0.04846907,0.04711327,-0.08810091,-0.4774335,-0.8206457,278.4963,159.4306,202.3376,-9.271647E-05,1.470614E-05,-4.645168E-05,-0.004411818,0.0005607668,0.007426729,0.2726183,-0.6419974,0.6656595,22.45805,338.9883,320.5524,-0.008105034,-0.003077292,0.03160232,-0.005777049,-0.02163975,0.04883417,-0.2648077,-0.6234202,-0.04107908,41.96622,353.4357,345.1099,
1167.283,0.0063389,-0.0007983379,-0.001489382,-0.003054369,0.03389357,-0.005229285,-0.08800662,-0.4774393,-0.8206822,278.543,159.3602,202.2909,0.0002083188,-0.0002117683,0.0001065087,-0.002340868,-0.0001402238,-0.006098577,0.2726178,-0.6419976,0.6656617,22.4629,338.9883,320.5526,-0.007313281,0.0001729029,0.03214966,0.00407809,-0.04553281,0.06237154,-0.2648424,-0.6234018,-0.04059448,41.9308,353.3482,344.9826,
1181.466,0.005504546,-0.0004505778,-0.002213407,0.01430194,0.01744376,-0.06027969,-0.08794174,-0.4774388,-0.820758,278.584,159.3177,202.1729,0.0003501558,0.0007866154,0.0001651825,0.0122088,-0.01424438,-0.005928436,0.2726165,-0.6419979,0.6656586,22.45498,338.9943,320.5604,-0.006072076,0.001510351,0.03305798,0.01606812,-0.05259359,0.05107163,-0.2649041,-0.623436,-0.04013384,41.88874,353.3154,344.9145,
1195.481,0.004446602,-0.0002054272,-0.004060021,0.03364099,0.00272069,-0.09583938,-0.08792685,-0.4774151,-0.8208473,278.65,159.3947,201.9722,5.80875E-05,0.0009930169,1.661474E-05,0.01929055,-0.01237746,-0.003598967,0.2726157,-0.6419976,0.665652,22.43775,338.9996,320.5705,-0.006084769,0.001271024,0.0333437,0.01687047,-0.04938268,0.04607783,-0.2649735,-0.6234552,-0.03980093,41.87185,353.2936,344.8783,
1209.51,0.003175729,-9.262306E-05,-0.006188765,0.06006639,-0.01006642,-0.1096693,-0.08794147,-0.4773897,-0.820969,278.7562,159.5791,201.6895,7.18912E-05,0.0004217323,3.05518E-05,0.01622429,-0.005015044,-0.0118653,0.2726126,-0.6419981,0.6656467,22.4281,339.0054,320.5856,-0.005093026,-0.00311194,0.02496663,0.01723228,0.0258099,-0.03200608,-0.2641477,-0.6230815,-0.04283775,41.86567,353.4263,345.0762,
1223.432,0.001345979,-0.0001299242,-0.007940131,0.07746259,-0.01759742,-0.09959275,-0.08799177,-0.4773805,-0.8211269,278.8262,159.8744,201.3607,0.0004416781,0.0001095937,0.0002189489,0.0168566,-0.005629875,-0.02696251,0.2726055,-0.6419998,0.665642,22.42424,339.0201,320.6137,-0.005776888,-0.00602389,0.0215558,0.01943057,0.0766592,-0.08028634,-0.264087,-0.6230693,-0.04366945,41.87069,353.5808,345.3218,
1236.654,0.0002957466,-0.0002580555,-0.008421186,0.08594601,-0.02100473,-0.06975158,-0.08802602,-0.4773876,-0.8212779,278.8951,160.1431,201.0987,0.0001979813,2.11489E-05,9.849088E-05,0.01817805,-0.000971604,-0.02496902,0.2725987,-0.6420016,0.6656383,22.42121,339.0303,320.6365,-0.006912898,-0.009155287,0.01672013,0.0101342,0.1229392,-0.1261385,-0.2640447,-0.6229233,-0.04503946,41.91578,353.8271,345.705,
1251.089,-0.0004223983,-0.0002451641,-0.008326654,0.08919033,-0.01766836,-0.02975777,-0.0880601,-0.4773903,-0.8214101,278.958,160.3689,200.9368,6.248325E-05,0.0004418127,2.55516E-05,0.007086799,-0.006159187,-0.0006572108,0.272594,-0.6420027,0.6656357,22.41807,339.0381,320.6452,-0.007616212,-0.0108965,0.01214408,0.005250755,0.1519702,-0.1480072,-0.2639413,-0.6227852,-0.04649933,41.95985,354.0422,346.0614,
1265.446,-0.0009768743,-0.0002024546,-0.007076933,0.08854078,-0.01200088,0.005103827,-0.08809103,-0.4773614,-0.8214652,279.018,160.6167,200.749,-0.0001214006,0.0002871347,-6.422492E-05,-0.002172761,-0.002556579,0.01096709,0.2725969,-0.6420019,0.6656358,22.41477,339.0343,320.6368,-0.008175425,-0.01249592,0.01112048,-0.002291908,0.1635323,-0.1490271,-0.2641246,-0.6229316,-0.04672368,42.01411,354.202,346.3401,
1278.031,-0.001789991,-0.000315323,-0.004669849,0.07431804,-0.01038788,0.02220137,-0.08814077,-0.4773391,-0.8214495,279.0285,160.779,200.6116,5.63388E-05,0.0003014731,2.423688E-05,-0.004244783,-0.005382219,0.009785155,0.2725994,-0.6420012,0.6656355,22.41327,339.0304,320.6295,-0.007497164,-0.01278595,0.01132556,-0.01532633,0.1507529,-0.1340488,-0.2642958,-0.6230962,-0.04643232,42.06586,354.2753,346.4606,
1293.603,-0.002549313,-0.0004616055,-0.001513976,0.05177042,-0.01361403,0.0206994,-0.08818687,-0.4773521,-0.8213882,279.0086,160.8418,200.5425,-4.402195E-05,0.0005900086,-2.961161E-05,-0.006241872,-0.008218098,0.02011814,0.2726045,-0.6419997,0.6656355,22.40714,339.0241,320.6131,-0.005817179,-0.01142851,0.01177475,-0.01933928,0.1152987,-0.103347,-0.2643256,-0.6231888,-0.04621678,42.07687,354.2614,346.4324,
1307.82,-0.003331475,-0.000694991,0.001676604,0.02298135,-0.02032009,0.005731871,-0.08823934,-0.4773853,-0.821292,278.9713,160.9034,200.4358,-0.0002933414,0.0005918482,-0.0001541661,-0.008401502,-0.005099149,0.02809433,0.2726136,-0.6419971,0.6656355,22.39902,339.0082,320.5855,-0.001837503,-0.006663292,0.01227455,-0.01177184,0.05092229,-0.04963402,-0.2643489,-0.623196,-0.0461878,42.05428,354.1972,346.3213,
1319.866,-0.004093865,-0.0005156051,0.004594628,-0.001378542,-0.02587549,-0.01178453,-0.08830729,-0.477388,-0.8211586,278.9288,160.9135,200.377,-7.764942E-05,0.0009529269,-5.152193E-05,-0.007504624,-0.0128829,0.02963993,0.2726214,-0.6419948,0.6656347,22.38863,338.9985,320.5634,0.0002539298,-0.003385248,0.01253553,-0.005898162,0.01176963,-0.01964006,-0.264383,-0.6232165,-0.04612759,42.04794,354.182,346.29,
1335.386,-0.005056749,-0.0003583189,0.00660219,-0.02251344,-0.02941375,-0.02545363,-0.08840603,-0.4773606,-0.8210096,278.8653,160.953,200.2977,-4.321435E-05,0.002030064,-5.012195E-05,-0.01198244,-0.02860621,0.05582838,0.2726372,-0.6419902,0.6656327,22.35753,338.9738,320.503,0.001590167,0.0009898662,0.01304758,0.001706501,-0.03197868,0.02387753,-0.2643687,-0.6231942,-0.04594319,42.03559,354.1436,346.2232,
1349.476,-0.005689152,-0.0006494257,0.00721743,-0.03876875,-0.03573933,-0.02830112,-0.08850275,-0.4773519,-0.8208946,278.8091,161.0405,200.1787,9.861319E-05,0.002497643,1.186383E-05,-0.01886156,-0.03758124,0.07016445,0.2726632,-0.6419824,0.665629,22.31659,338.9426,320.4203,0.001810055,0.004087901,0.0134695,0.01138429,-0.05229523,0.04135356,-0.2643221,-0.6231205,-0.04574905,42.00718,354.0905,346.1311,
1362.756,-0.00627731,-0.0009680183,0.006766285,-0.04217494,-0.03522447,-0.01964597,-0.08859596,-0.4773804,-0.8208278,278.7646,161.1008,200.1244,-2.843226E-05,0.002419517,-5.176897E-05,-0.01471438,-0.03430854,0.06656209,0.2726827,-0.6419767,0.6656262,22.29189,338.9229,320.3753,0.0002689806,0.004589588,0.0150627,0.01410073,-0.04979992,0.03621851,-0.2644712,-0.6231688,-0.04512384,41.98379,354.0565,346.0649,
1375.813,-0.006616647,-0.001337463,0.005879062,-0.03716104,-0.03319507,-0.003526193,-0.08868408,-0.4774179,-0.8207915,278.7472,161.2911,199.968,6.739215E-05,0.002220568,-2.158024E-06,-0.01622595,-0.03297769,0.06222124,0.2727046,-0.6419703,0.6656229,22.26633,338.9029,320.3236,-0.002620011,0.001788576,0.01839203,0.01326594,-0.02393547,0.0165538,-0.2648509,-0.6233951,-0.04394936,41.98047,354.056,346.0608,
1390.772,-0.006932023,-0.001218196,0.004921691,-0.02488049,-0.0343936,0.01470124,-0.08878158,-0.4774188,-0.8207621,278.7482,161.5942,199.7019,-4.000012E-05,0.002120688,-5.547653E-05,-0.01559683,-0.03003253,0.06183319,0.2727261,-0.641964,0.6656194,22.23948,338.8782,320.2705,-0.00548261,-0.00276029,0.02132822,0.004605224,0.007458557,-0.01167335,-0.2652861,-0.6236761,-0.04270726,41.99139,354.0821,346.097,
1404.771,-0.00694589,-0.0009577009,0.004224415,-0.01762177,-0.03118204,0.0315833,-0.08888067,-0.4773892,-0.8207184,278.7349,161.7559,199.5946,-0.0002324467,0.001808783,-0.0001472773,-0.01431979,-0.02298344,0.05827784,0.2727463,-0.6419582,0.6656168,22.21841,338.8551,320.2242,-0.006523876,-0.006143178,0.02123374,-0.003133679,0.03983727,-0.03373259,-0.2654706,-0.6238036,-0.04230914,42.01388,354.138,346.1945,
1416.807,-0.006438285,-0.0006456149,0.003353657,-0.01118398,-0.02513169,0.04654421,-0.08895423,-0.4773529,-0.8206943,278.7328,161.8946,199.5113,-9.625634E-05,0.001796086,-7.993491E-05,-0.01505828,-0.02468881,0.05589643,0.272765,-0.6419528,0.6656149,22.19728,338.8344,320.1764,-0.006525185,-0.007806733,0.02098164,-0.008145132,0.05311494,-0.04407474,-0.2656083,-0.6239183,-0.04198123,42.04103,354.1958,346.2926,
1432.293,-0.005770571,-0.0008000942,0.001895205,-0.002460423,-0.02198479,0.04793296,-0.0890051,-0.477381,-0.8207447,278.7374,162.1065,199.3256,-5.620621E-05,0.001912491,-6.316428E-05,-0.01997939,-0.02722904,0.06309619,0.2727871,-0.6419466,0.6656134,22.17057,338.8065,320.1118,-0.005648654,-0.007416244,0.02114316,-0.01214786,0.0417955,-0.03932852,-0.2656868,-0.6239656,-0.04172248,42.06063,354.2262,346.3333,
1446.862,-0.00516969,-0.001088352,0.0004161762,0.003029517,-0.0222989,0.04031039,-0.08905448,-0.4774132,-0.8208076,278.7449,162.2654,199.1708,-0.0001987414,0.00281846,-0.0001536516,-0.0120213,-0.03682889,0.07525611,0.272811,-0.6419396,0.6656095,22.12714,338.7764,320.0409,-0.004766932,-0.005374718,0.02178899,-0.01106479,0.0224694,-0.02089987,-0.2657382,-0.6239887,-0.04149359,42.06738,354.2266,346.3312,
1458.843,-0.004303497,-0.001441837,-0.0009406856,0.004397692,-0.02061603,0.03097771,-0.08908847,-0.4774373,-0.8208581,278.747,162.3431,199.0968,-1.403978E-05,0.002900888,-6.520603E-05,-0.008558375,-0.04008444,0.06884554,0.272835,-0.6419327,0.6656044,22.09217,338.7565,319.9883,-0.004103716,-0.002589928,0.02235334,-0.005821279,-0.004552267,0.0005130815,-0.265782,-0.6240021,-0.04126824,42.06211,354.2125,346.3008,
1473.918,-0.003358424,-0.001383628,-0.001642003,0.007125808,-0.01241947,0.02533842,-0.08911315,-0.4774359,-0.8208755,278.7638,162.3456,199.111,6.096712E-05,0.002723399,-2.61043E-05,-0.006545414,-0.03845505,0.06129034,0.2728563,-0.6419264,0.665598,22.06027,338.7401,319.9458,-0.003829976,-0.0003564619,0.02284829,0.003615124,-0.02518762,0.01591168,-0.2658353,-0.6240124,-0.04091435,42.04718,354.1881,346.253,
1488.306,-0.001556665,-0.001603919,-0.001899142,0.005340605,-0.007774341,0.02178729,-0.08907899,-0.4774436,-0.8208945,278.757,162.3364,199.1352,-8.787924E-06,0.003061328,-7.085661E-05,-0.006501259,-0.04200665,0.0696265,0.2728781,-0.6419199,0.6655908,22.01573,338.7145,319.8864,-0.002821068,0.0003323438,0.02025548,0.001228858,-0.02737761,0.02313436,-0.265591,-0.6238647,-0.04151675,42.0363,354.1626,346.2152,
1501.95,-0.0001874027,-0.00146311,-0.001708157,0.003821315,0.001258767,0.0180961,-0.08902477,-0.4774451,-0.8209435,278.7597,162.2835,199.2005,0.0001725432,0.003073259,1.672942E-05,-0.008694703,-0.04474716,0.06846917,0.2729025,-0.6419128,0.6655839,21.97462,338.6969,319.8282,0.0005497276,0.001337997,0.01171292,0.003375071,-0.02153709,0.02181123,-0.2646714,-0.6233255,-0.04426091,42.01332,354.1469,346.1999,
1516.358,0.0009777074,-0.001295398,-0.001597576,0.006364556,0.005202348,0.009225409,-0.08896217,-0.4774455,-0.8209881,278.773,162.2167,199.2607,0.0001130449,0.002748755,-7.589178E-06,-0.008081269,-0.03942929,0.06253504,0.2729252,-0.6419062,0.6655778,21.94355,338.6783,319.7816,0.003341926,0.001556024,0.004379564,0.002405358,-0.009729638,0.01118917,-0.2639176,-0.6228815,-0.04654272,41.9971,354.1411,346.1967,
1530.102,0.002181463,-0.00105192,-0.00126225,0.01322236,0.01048262,0.002199353,-0.08890189,-0.4774379,-0.8209845,278.8013,162.1248,199.3452,0.0001396606,0.002475504,1.043597E-05,-0.01027838,-0.03621661,0.05901796,0.2729464,-0.6419001,0.6655726,21.91422,338.6609,319.7336,0.0039451,0.0006786153,0.0004375956,0.004009741,0.009496566,-0.003290003,-0.2635571,-0.6226301,-0.04783082,41.98763,354.138,346.2007,
1543.796,0.00337958,-0.001065217,-0.001172591,0.01789696,0.01486216,-0.004583216,-0.08882584,-0.477439,-0.8209875,278.8373,162.0087,199.4468,0.0002091831,0.002388166,4.562824E-05,-0.01175584,-0.03604591,0.05746325,0.2729667,-0.6418943,0.6655676,21.8835,338.643,319.6855,0.003896512,-0.0001916998,-0.001107305,0.0007243521,0.02169282,-0.01584919,-0.2634714,-0.622538,-0.04835692,41.98869,354.1481,346.2232,
1556.657,0.004140936,-0.001057683,-0.001307312,0.01834575,0.0186194,-0.01451609,-0.08874466,-0.4774362,-0.8210166,278.849,161.8314,199.5978,0.0002552697,0.002573855,6.208946E-05,-0.01107073,-0.03907653,0.05943112,0.2729884,-0.6418883,0.6655638,21.84898,338.6309,319.6308,0.004040273,-0.0009403456,-0.003377084,-0.00333686,0.03065728,-0.02340092,-0.2633286,-0.6224057,-0.0492116,41.99247,354.1736,346.2718,
1571.97,0.004878735,-0.00107583,-0.0008155775,0.01858285,0.02048892,-0.01948799,-0.08864659,-0.4774224,-0.8210403,278.8681,161.7069,199.7052,-1.146484E-05,0.00244169,-6.944138E-05,-0.01170553,-0.03362548,0.06344448,0.2730098,-0.6418822,0.6655588,21.81721,338.6074,319.5774,0.004912752,-0.000561683,-0.005816149,0.0007040516,0.0304687,-0.02821789,-0.2631006,-0.6222462,-0.05028045,41.99379,354.2043,346.3242,
1586.308,0.005378397,-0.001174198,-0.0003228423,0.01251597,0.02438175,-0.02285334,-0.08855033,-0.4774137,-0.8210473,278.873,161.5078,199.8829,0.000166262,0.002703618,9.899963E-06,-0.01530393,-0.03975943,0.06905501,0.2730368,-0.6418746,0.665553,21.77355,338.5815,319.5053,0.005722325,0.0002287661,-0.00842031,-0.002021194,0.02925316,-0.02764264,-0.2628698,-0.6220781,-0.05135081,41.99767,354.2325,346.3706,
1598.215,0.005860446,-0.001142347,0.001053836,0.008440542,0.02638998,-0.02456692,-0.08845097,-0.4774047,-0.8209635,278.8861,161.2815,200.0956,7.509797E-05,0.002834023,-4.160293E-05,-0.01948284,-0.04045767,0.07866999,0.2730631,-0.6418674,0.6655489,21.73405,338.5536,319.4286,0.004823421,0.0004443077,-0.00758414,-0.002197022,0.0267025,-0.01854526,-0.2629969,-0.6221724,-0.05121196,42.00412,354.2464,346.3954,
1613.323,0.005903298,-0.001131713,0.002256684,0.001121805,0.02700484,-0.02811032,-0.08836474,-0.4774004,-0.8208719,278.8799,161.0809,200.2747,0.0001202006,0.002538382,-1.26742E-05,-0.02517222,-0.0374012,0.07840402,0.2730902,-0.6418599,0.6655451,21.70251,338.527,319.3586,0.004028061,0.0004885876,-0.006033568,-0.002739694,0.01853542,-0.0148249,-0.2632238,-0.6223409,-0.05075206,42.01222,354.262,346.4182,
1627.618,0.005913649,-0.001060758,0.003659172,-0.00544506,0.02436018,-0.02738913,-0.08828001,-0.4774033,-0.8207887,278.8673,160.9581,200.3802,7.841838E-05,0.00235256,-2.969394E-05,-0.02590316,-0.03430673,0.07644734,0.2731164,-0.6418529,0.6655434,21.67599,338.5,319.2933,0.003150512,0.0005803877,-0.004256168,-0.0002664582,0.01192273,-0.009638565,-0.2634737,-0.6225274,-0.05020381,42.01951,354.2726,346.4351,
1640.857,0.005696464,-0.000987108,0.004296368,-0.01188283,0.02434961,-0.02521455,-0.08820692,-0.477406,-0.8207316,278.8572,160.7772,200.5557,-3.067999E-05,0.002666211,-9.544843E-05,-0.02446793,-0.03682482,0.0835554,0.2731434,-0.6418458,0.665542,21.64066,338.4686,319.2159,0.002620657,0.0003000725,-0.003034469,-0.0002684419,0.01192362,-0.009637408,-0.2636381,-0.6226526,-0.04980373,42.02381,354.2804,346.4478,
1655.4,0.005192941,-0.0008059755,0.004490312,-0.01190574,0.02553511,-0.0211184,-0.08815171,-0.4773954,-0.8206775,278.8566,160.6374,200.6862,1.792881E-05,0.002028692,-5.303882E-05,-0.02524389,-0.02895183,0.07050894,0.2731699,-0.6418387,0.66554,21.62125,338.4503,319.1631,0.001535522,-0.0003662202,-0.001144096,-0.001697808,0.008038598,-0.008747717,-0.2638843,-0.6228346,-0.04921276,42.03035,354.2871,346.4576,
1669.432,0.004662083,-0.0009255468,0.004220184,-0.009898284,0.02306412,-0.02150438,-0.08810706,-0.4773858,-0.8206258,278.8625,160.4837,200.8235,2.811134E-05,0.002007857,-4.839419E-05,-0.01621038,-0.0282273,0.0591997,0.2731917,-0.641833,0.6655383,21.59835,338.4334,319.122,0.000696141,-0.000553421,-0.0002967771,-0.0006735555,0.01031507,-0.00714021,-0.2640127,-0.6229231,-0.04895572,42.035,354.2953,346.4726,
1683.447,0.004298505,-0.000980333,0.003914788,-0.006084673,0.01695638,-0.01861174,-0.08806248,-0.4773765,-0.8205803,278.8671,160.5121,200.7904,-3.651367E-05,0.002095775,-8.44321E-05,-0.01479367,-0.02838709,0.0607565,0.2732085,-0.6418287,0.6655362,21.57617,338.4128,319.0771,0.0002941139,-0.0007557517,0.0003288655,0.0002975919,0.007316481,-0.008873058,-0.2640939,-0.6229788,-0.04879425,42.0377,354.3014,346.4835,
1696.629,0.003627549,-0.0009266574,0.003454405,-0.002086713,0.01479873,-0.01351928,-0.08802013,-0.4773647,-0.8205733,278.8763,160.4644,200.8418,-0.0002152878,0.002176916,-0.0001777652,-0.01608217,-0.02701812,0.06794167,0.2732324,-0.6418222,0.6655334,21.54608,338.3818,319.0114,-0.0003639405,-0.001144967,0.0008634605,0.001134467,0.01582067,-0.01053001,-0.2641479,-0.6230156,-0.04868858,42.03946,354.3072,346.4949,
1711.3,0.003234434,-0.0007047766,0.003246468,0.003002218,0.01477728,-0.00459342,-0.08797202,-0.4773439,-0.8205629,278.885,160.4009,200.9149,-5.745131E-05,0.002299487,-0.0001042332,-0.01833681,-0.03089858,0.0695572,0.2732524,-0.641817,0.6655319,21.52,338.3616,318.9545,0.0004775572,0.000249867,-3.254721E-05,-0.0007846475,0.01782621,-0.0149561,-0.2641479,-0.6230156,-0.04868858,42.03985,354.308,346.4956,
1725.698,0.003040736,-0.000747362,0.003144462,0.001707391,0.01575293,0.006195353,-0.08793363,-0.4773303,-0.8205176,278.8861,160.3613,200.9821,-3.501029E-05,0.002026065,-8.523318E-05,-0.02046682,-0.02761701,0.06605231,0.2732786,-0.6418102,0.6655303,21.49515,338.3357,318.8922,0.0005456783,0.0004430604,5.73327E-05,0.001733391,0.02527684,-0.01879182,-0.2641479,-0.6230155,-0.04868858,42.03997,354.3098,346.4995,
1737.375,0.002909596,-0.0008985087,0.002950621,-0.001585581,0.01640998,0.01151827,-0.08790806,-0.4773177,-0.8204487,278.8817,160.2971,201.0736,5.743098E-05,0.001985221,-3.876011E-05,-0.01987944,-0.02826913,0.06245811,0.2733002,-0.6418047,0.6655288,21.47258,338.3155,318.8396,0.0005695437,0.0004406603,4.677268E-05,0.002313806,0.02066373,-0.01802631,-0.2641479,-0.6230156,-0.04868859,42.03956,354.3095,346.4981,
1752.493,0.002737568,-0.0008376768,0.002804506,-0.001582391,0.01641064,0.01152133,-0.08788465,-0.4773014,-0.8203878,278.8877,160.1946,201.1804,8.386711E-05,0.002283535,-3.709098E-05,-0.01926702,-0.03251719,0.0671811,0.2733196,-0.6417997,0.6655269,21.44456,338.2935,318.7831,0.0008648794,0.0003581908,-0.0001156024,-0.00191863,0.02306049,-0.02437951,-0.2641479,-0.6230156,-0.04868858,42.04082,354.3122,346.5011,
1766.985,0.002455985,-0.001085928,0.002168515,-0.003718269,0.01375731,0.005613375,-0.08785369,-0.4773235,-0.8203954,278.8792,160.1685,201.2053,0.0001124642,0.0028328,-4.459758E-05,-0.02008982,-0.04015974,0.07867,0.2733491,-0.6417921,0.6655242,21.39914,338.2678,318.6973,0.0007797564,0.0004713808,-1.513815E-05,0.001683011,0.0200016,-0.0221325,-0.2641479,-0.6230156,-0.04868859,42.0397,354.3108,346.499,
1779.573,0.002105544,-0.001076211,0.001438515,-0.003794452,0.009652699,-0.0009700211,-0.08783104,-0.4773377,-0.8204164,278.8755,160.1278,201.2335,0.0001268156,0.003565129,-6.770575E-05,-0.01539464,-0.04973299,0.08763634,0.2733778,-0.6417845,0.6655178,21.34256,338.2385,318.6175,0.0005734173,0.0003096804,-3.329308E-05,-0.0003915796,0.01944056,-0.01745485,-0.2641479,-0.6230156,-0.04868858,42.03994,354.3089,346.4969,
1794.016,0.001803653,-0.001042655,0.0008237762,-0.0004654185,0.008404632,-0.008337971,-0.0878292,-0.477333,-0.8204252,278.8858,160.0751,201.2669,9.99973E-05,0.004272902,-0.0001130539,-0.009303737,-0.05831266,0.09539193,0.2734092,-0.6417761,0.6655089,21.27566,338.2066,318.5351,0.0005772896,0.0001787081,-0.0001133591,-0.003097115,0.01821743,-0.01688339,-0.2641479,-0.6230156,-0.04868859,42.0403,354.3086,346.4961,
1807.738,0.00145419,-0.001149634,6.529113E-05,0.005921322,0.004605876,-0.01604725,-0.08784631,-0.4773234,-0.8204445,278.9031,160.072,201.2418,0.0003250226,0.004144706,-6.796108E-07,-0.01517466,-0.05982113,0.09476224,0.2734424,-0.6417674,0.6654992,21.22129,338.1819,318.4549,0.0004683114,0.0002943249,-2.33981E-06,-7.624945E-05,0.01977162,-0.01540175,-0.2641479,-0.6230156,-0.04868858,42.03988,354.3083,346.4965,
1820.638,0.001006551,-0.0009907577,-0.0001203877,0.01522387,-0.0009952036,-0.01765646,-0.08786368,-0.477314,-0.8204549,278.9357,160.2265,201.0619,0.0004566422,0.003806514,7.489565E-05,-0.02019096,-0.05725306,0.09095834,0.2734703,-0.6417601,0.6654922,21.18072,338.1617,318.3887,0.000182244,0.0003323892,0.0001298135,0.00344704,0.01542966,-0.008602779,-0.2641479,-0.6230156,-0.04868816,42.03901,354.3063,346.4936,
1835.346,0.0008117621,-0.0004946109,0.000124305,0.02147501,0.001541571,-0.007241079,-0.08785167,-0.4773134,-0.8204715,278.9658,160.2711,201.0519,0.0006090214,0.003354268,0.0001658254,-0.02521174,-0.05346756,0.08438454,0.273506,-0.6417509,0.6654851,21.13918,338.14,318.3132,0.0002873435,0.0003477388,9.886308E-05,0.003131717,0.01509836,-0.01065575,-0.2641479,-0.6230156,-0.04868858,42.03905,354.3068,346.494,
1849.372,0.001232557,-0.0004563059,0.0002766106,0.0202392,0.006649145,0.01010801,-0.08781135,-0.4773297,-0.8204895,278.9737,160.234,201.1368,0.000476264,0.003119837,0.00010695,-0.02295847,-0.04838303,0.07999367,0.2735317,-0.6417446,0.6654813,21.10746,338.121,318.2562,0.0001691149,0.0005078138,0.0002400799,0.006861043,0.01859801,-0.009619714,-0.2641479,-0.6230156,-0.0486886,42.0386,354.3067,346.4951,
1862.893,0.00170851,-0.0004689506,2.12231E-05,0.01602074,0.01312428,0.02370335,-0.08776888,-0.4773161,-0.8204744,278.9772,160.1926,201.227,7.297953E-06,0.002758295,-0.0001136954,-0.01605282,-0.03683155,0.07511206,0.2735589,-0.6417377,0.6654772,21.07877,338.0969,318.2036,0.000392449,0.0003630894,6.791202E-05,0.002816427,0.01476731,-0.01270886,-0.2641479,-0.6230156,-0.04868858,42.03909,354.3073,346.4944,
1876.06,0.002275454,-0.000808711,-0.0007639766,0.01402732,0.01590437,0.02509496,-0.08771649,-0.4773136,-0.8204768,278.9958,160.0769,201.3533,0.0001174065,0.002351983,-4.280126E-05,-0.01405835,-0.03292573,0.06197686,0.2735817,-0.6417319,0.6654732,21.05511,338.0825,318.163,0.0006838973,0.0004115593,-1.439035E-05,0.001290055,0.01838724,-0.01963373,-0.2641479,-0.6230156,-0.04868859,42.03965,354.3098,346.4977,
1889.69,0.002114731,-0.000829661,-0.001351799,0.01459542,0.01756246,0.007994968,-0.08768806,-0.4773121,-0.8205031,279.0071,159.9765,201.4091,-5.343769E-05,0.002505457,-0.000136626,-0.009745657,-0.03238038,0.06384365,0.2736058,-0.6417259,0.6654676,21.01815,338.0561,318.1075,0.0009714792,0.0005910781,-1.663677E-05,0.002467996,0.02323041,-0.02713007,-0.2641479,-0.6230156,-0.04868858,42.03995,354.3143,346.5039,
1903.786,0.001797912,-0.001166944,-0.001642215,0.009376582,0.009312641,-0.01407009,-0.08765955,-0.477337,-0.820551,279.0096,159.9544,201.3965,-1.040341E-05,0.002278861,-0.0001066466,-0.009770719,-0.02996149,0.05830709,0.2736265,-0.6417207,0.665463,20.98945,338.0392,318.0634,0.001257695,0.0005529639,-0.0001488728,-0.001056327,0.02757344,-0.03392808,-0.2641713,-0.6229748,-0.04872733,42.04059,354.3123,346.4967,
1917.719,0.001671802,-0.001384094,-0.001294436,0.003962089,0.003931276,-0.02254671,-0.08762914,-0.477361,-0.8205693,278.9921,159.9199,201.3846,-0.0001157538,0.002253087,-0.0001594957,-0.003409063,-0.02796931,0.05256983,0.2736452,-0.6417159,0.665457,20.95979,338.0235,318.0273,0.001416381,0.0007196611,-0.0001095882,-0.0001449957,0.0373609,-0.04013651,-0.2641729,-0.6229722,-0.04872675,42.04161,354.3173,346.5056,
1931.906,0.001787391,-0.001232754,-0.0006322851,-0.001287884,0.005896583,-0.02096147,-0.08761874,-0.4773452,-0.8205596,278.9907,159.8105,201.4937,-2.035112E-05,0.002461876,-0.0001231377,-0.004330205,-0.03200453,0.05575531,0.2736625,-0.6417114,0.6654508,20.92521,338.007,317.9849,-0.0003119781,-0.0009012756,0.001793711,0.006486097,0.05031711,-0.04336257,-0.2642962,-0.6229123,-0.04877147,42.08477,354.627,347.0245,
1945.683,0.001676689,-0.0008309141,-0.000264188,-0.001272253,0.008403642,-0.01614313,-0.08761598,-0.4773187,-0.8205534,278.998,159.7466,201.5552,0.000319172,0.002497049,4.276837E-05,-0.005583934,-0.03719251,0.05020704,0.2736808,-0.6417068,0.6654449,20.89161,337.9974,317.9462,-0.0005522863,-0.001073704,0.001465207,0.006197794,0.05654559,-0.04663102,-0.2643265,-0.6229072,-0.04877537,42.08929,354.6684,347.0977,
1957.834,0.001555063,-0.0004770564,-0.0002827804,0.003813668,0.007797207,-0.009248694,-0.08759211,-0.4773074,-0.8205747,279.0113,159.7541,201.5552,0.0002806563,0.001878422,5.144424E-05,-0.01017301,-0.02862347,0.04406187,0.2736981,-0.6417025,0.66544,20.87033,337.9881,317.9112,-0.0006706043,-0.001256614,0.001001266,0.00250878,0.05956022,-0.04890357,-0.2644315,-0.6229174,-0.0488257,42.09829,354.7208,347.1905,
1973.413,0.001249093,-0.0005241311,-0.0006071926,0.01102283,0.007055537,-0.002292879,-0.08756542,-0.4773194,-0.8206197,279.0335,159.8009,201.5222,0.0001635809,0.001532357,8.730633E-06,-0.007816313,-0.02240794,0.03688231,0.2737123,-0.641699,0.6654367,20.85124,337.9798,317.8842,-0.0008068135,-0.001207818,0.00091911,0.003411962,0.05529357,-0.0460783,-0.2645654,-0.622942,-0.04890177,42.10159,354.7525,347.2479,
1987.848,0.001197138,-0.000848512,-0.0006813416,0.01301453,0.007391887,0.003174698,-0.08753683,-0.4773366,-0.820637,279.0483,159.8204,201.5178,3.166777E-05,0.001460003,-5.417655E-05,-0.003452765,-0.01953302,0.03318526,0.2737245,-0.6416959,0.665433,20.83238,337.9696,317.8596,-0.000866579,-0.0008233454,0.000880797,0.007764268,0.05553872,-0.04879659,-0.2647519,-0.6229722,-0.04900921,42.10389,354.8018,347.3321,
1999.7,0.001197016,-0.0008123352,-6.874735E-05,0.01300418,0.007690441,0.004194079,-0.08751623,-0.4773199,-0.8205823,279.0605,159.8127,201.5325,9.54167E-05,0.001461169,-2.298996E-05,-0.008391907,-0.02049105,0.03771396,0.2737349,-0.6416934,0.6654305,20.81554,337.9577,317.8306,-0.002287673,-0.001261709,0.002736227,0.007615253,0.0542722,-0.0442412,-0.2653047,-0.6232225,-0.04817866,42.11084,354.8441,347.4095,
2015.317,0.001165433,-0.000702865,0.001035661,0.006513329,0.005472243,0.002543175,-0.08749799,-0.4772998,-0.820496,279.054,159.7948,201.5489,7.564179E-05,0.001664922,-4.354675E-05,-0.01188509,-0.02287896,0.04655654,0.2737499,-0.6416898,0.6654277,20.79124,337.942,317.7874,-0.003206036,-0.001664793,0.004502749,0.003645521,0.05036713,-0.04736179,-0.2655333,-0.6233458,-0.04772672,42.11787,354.8758,347.4565,
2029.714,0.001024126,-0.0005507466,0.002073112,0.0001907824,0.00469638,-0.001743645,-0.08746044,-0.4772793,-0.8204539,279.0429,159.7409,201.5938,-2.43012E-05,0.001386799,-8.044441E-05,-0.01645193,-0.01787158,0.04873293,0.2737688,-0.6416852,0.6654257,20.77054,337.9211,317.7391,0.001119668,0.001058117,0.0001956922,0.005488369,0.05367826,-0.03957826,-0.2655333,-0.6233458,-0.04772672,42.11537,354.8565,347.4317,
2043.185,0.001149573,-0.0007366553,0.003045561,-0.008211776,0.005981308,-0.003329431,-0.0874126,-0.4772753,-0.8204024,279.0225,159.6437,201.6885,-2.939938E-05,0.001226586,-7.548643E-05,-0.01845993,-0.0157105,0.0480219,0.2737827,-0.641682,0.6654251,20.75671,337.9055,317.7024,0.001149081,0.0009249804,0.0001050243,0.003468183,0.04780161,-0.03825809,-0.2655333,-0.6233458,-0.04772672,42.11554,354.855,347.4265,
2056.627,0.001369424,-0.0007643614,0.003856996,-0.01559965,0.008391912,-0.0007880357,-0.08737774,-0.4772659,-0.8203407,278.9993,159.5357,201.804,5.423281E-05,0.001114251,-2.868384E-05,-0.02339556,-0.01543193,0.04977997,0.2738024,-0.6416775,0.6654252,20.73939,337.8834,317.648,0.000944682,0.0007607111,8.657177E-05,0.001360453,0.04720245,-0.03360038,-0.2655333,-0.6233459,-0.04772672,42.11616,354.851,347.4216,
2070.644,0.001362585,-0.0005800753,0.004116416,-0.01870728,0.009628185,-0.001176765,-0.08736552,-0.4772358,-0.8202997,278.9771,159.4492,201.8962,0.0001958695,0.00116517,3.898775E-05,-0.01886087,-0.01803127,0.04205489,0.2738182,-0.6416739,0.6654263,20.72641,337.8743,317.6129,0.0006534006,-9.992917E-05,-0.0003128749,-0.01094738,0.02250264,-0.01900439,-0.2658908,-0.6235353,-0.04702782,42.1178,354.8391,347.396,
2084.504,0.001538131,-0.0005036992,0.003824898,-0.01979114,0.01029583,0.0008375776,-0.08734375,-0.4772109,-0.8202795,278.9683,159.3654,201.9845,0.0001716124,0.001027759,3.353127E-05,-0.01739723,-0.01587791,0.03804781,0.2738324,-0.6416708,0.665427,20.71544,337.8618,317.579,0.0005462968,0.001006356,0.004964883,-0.02047111,-0.009833853,0.007340847,-0.2659669,-0.6234481,-0.04697702,42.15836,354.9901,347.6656,
2096.691,0.001749178,-0.0003937791,0.003435834,-0.01353469,0.009742015,0.004408237,-0.08729811,-0.4771965,-0.8202648,278.9695,159.3404,202.0183,6.418487E-05,0.001093381,-2.367906E-05,-0.01448705,-0.01518393,0.03834965,0.2738458,-0.6416677,0.6654266,20.70105,337.8481,317.5453,0.001580068,0.006241124,0.006636017,-1.636008E-05,-0.05251944,0.03018094,-0.2658403,-0.6233283,-0.04696944,42.14447,354.9486,347.5695,
2111.455,0.002045321,-0.0003244793,0.002548624,-0.006044581,0.0136625,0.01224412,-0.08724317,-0.4771801,-0.8202826,278.9834,159.3011,202.0871,0.0001093346,0.00180179,-3.824256E-05,-0.01351239,-0.02497406,0.05054688,0.273861,-0.6416641,0.6654246,20.67459,337.8296,317.4985,0.001936687,0.009139853,0.007790844,0.01666101,-0.07259046,0.04710529,-0.2656896,-0.6232147,-0.04700745,42.10305,354.8844,347.4458,
2125.493,0.002963374,-0.0003938813,0.001084403,0.001360236,0.01745916,0.02342725,-0.08716241,-0.4771666,-0.8203149,279.0106,159.2999,202.1435,-4.194268E-05,0.00193434,-0.0001215877,-0.01260659,-0.02452284,0.0556872,0.2738799,-0.6416598,0.6654224,20.64751,337.816,317.4493,0.002473513,0.00810391,0.007494705,0.01056091,-0.06399597,0.04620474,-0.2655366,-0.6231751,-0.04718288,42.08796,354.8423,347.3724,
2139.526,0.003662172,-0.0001918519,-0.00071512,0.0144722,0.02200347,0.02335219,-0.08708957,-0.477137,-0.820355,279.0616,159.2112,202.2486,-7.785675E-06,0.002231894,-0.0001215647,-0.01214479,-0.02880441,0.06040294,0.2738991,-0.6416553,0.6654186,20.61586,337.7939,317.3984,0.002955099,0.005615417,0.006316719,0.005795936,-0.04269703,0.03203666,-0.265389,-0.6231173,-0.0474657,42.08558,354.8329,347.3546,
2154.548,0.003887723,-7.640314E-05,-0.002421294,0.02534604,0.02004291,0.01183028,-0.08702761,-0.4771162,-0.8204272,279.1078,159.2682,202.1686,6.458374E-05,0.002392926,-9.567488E-05,-0.01513593,-0.03184463,0.06565172,0.2739199,-0.6416504,0.6654146,20.58295,337.7716,317.3415,0.003472256,0.001988026,0.003963917,-0.003818682,-0.007931659,0.009474683,-0.2651938,-0.6230576,-0.04791854,42.09135,354.8377,347.3629,
2168.455,0.004099677,-0.000487118,-0.003617118,0.02766944,0.017614,0.0003683796,-0.08695069,-0.4771403,-0.8205414,279.1268,159.1768,202.2363,0.0001001529,0.002599723,-9.091436E-05,-0.01121858,-0.0349685,0.06429405,0.2739419,-0.6416452,0.6654101,20.54863,337.7529,317.2914,0.003371107,-0.0007810491,0.002571199,-0.01241021,0.01729777,-0.01357857,-0.2651693,-0.6230476,-0.04788526,42.10294,354.8499,347.3815,
2182.421,0.003902177,-0.0008592247,-0.004064131,0.02596823,0.01631145,-0.01590632,-0.08689003,-0.4771699,-0.8206362,279.1396,159.0813,202.2902,0.0001399174,0.002463038,-6.53367E-05,-0.01469357,-0.0336919,0.06483427,0.2739638,-0.6416401,0.6654058,20.5181,337.7325,317.2374,0.003464964,-0.001557805,0.001673886,-0.008767513,0.03093292,-0.02943496,-0.2651534,-0.6230533,-0.04786252,42.11761,354.8799,347.4297,
2195.221,0.00409918,-0.0007123729,-0.003351785,0.02284978,0.01531561,-0.02009326,-0.08682823,-0.4771445,-0.8206801,279.1505,158.9831,202.3816,8.661863E-05,0.002622481,-0.0001025492,-0.007835676,-0.03498247,0.06099908,0.2739845,-0.6416353,0.6654004,20.4841,337.7171,317.1956,0.003364053,-0.001510364,0.0006873677,-0.006299645,0.03971589,-0.03779582,-0.2651845,-0.623112,-0.04784295,42.13162,354.9186,347.4906,
2209.825,0.004074617,-0.0005257776,-0.002604288,0.01223764,0.01635614,-0.01942051,-0.08677858,-0.4771121,-0.8207085,279.1416,158.833,202.52,0.0003013469,0.002832837,-9.828065E-06,-0.00637061,-0.04067548,0.05852077,0.2740077,-0.6416298,0.6653928,20.44116,337.7023,317.1464,0.003114698,-0.0008594199,0.0005299427,0.00297432,0.03964362,-0.03453786,-0.2652294,-0.623185,-0.04782182,42.13715,354.9498,347.5458,
2223.684,0.004008805,-0.0004040828,-0.001783729,0.004637006,0.0154311,-0.01703226,-0.08671802,-0.4770983,-0.8207222,279.1415,158.7284,202.6232,6.241318E-05,0.002828537,-0.00013082,0.0009580064,-0.03726137,0.05510508,0.2740272,-0.641625,0.6653851,20.40385,337.6881,317.1108,0.002981612,-0.0007401168,0.0005621357,0.001803463,0.03477873,-0.02705053,-0.2652536,-0.6232387,-0.0478048,42.14269,354.9756,347.5909,
2237.359,0.003832992,-0.0003883161,-0.00134362,0.002515713,0.01840028,-0.01127203,-0.08664489,-0.4771032,-0.8207489,279.1479,158.6253,202.7356,0.0001802958,0.002921988,-7.995043E-05,-6.042328E-05,-0.04006369,0.05553168,0.2740459,-0.6416205,0.6653759,20.36285,337.6738,317.0704,0.003487434,-0.0004291461,0.0006235732,0.001139234,0.0262581,-0.02540014,-0.2652492,-0.6232352,-0.04781613,42.146,354.999,347.6282,
2251.83,0.003491618,-0.0005883223,-0.00135836,0.003442694,0.01850852,-0.00685431,-0.08657977,-0.4771191,-0.8207931,279.1558,158.6255,202.741,0.000255422,0.002557856,-2.314159E-05,-0.003474174,-0.03636719,0.05054114,0.2740644,-0.641616,0.665368,20.33074,337.6618,317.0344,0.003536277,-0.0004846473,0.0009620257,-0.0003248756,0.02760985,-0.02118346,-0.2652374,-0.6232309,-0.04782056,42.15192,355.0195,347.6646,
2265.35,0.002888609,-0.0006324546,-0.001223645,0.007376149,0.01413245,-0.0055194,-0.086555,-0.4771259,-0.8207957,279.1723,158.5947,202.7688,0.0001247307,0.002053452,-5.9504E-05,-0.002925088,-0.0280319,0.0426442,0.2740784,-0.6416127,0.6653627,20.31038,337.6527,317.01,0.003534981,-0.0004293565,0.001128638,-0.003016861,0.02631709,-0.02064571,-0.2652371,-0.6232223,-0.04782803,42.1572,355.0382,347.6969,
2277.971,0.002542259,-0.0004929029,-0.0007102436,0.01024533,0.009833207,-0.004219229,-0.08653033,-0.4771251,-0.820779,279.186,158.6277,202.735,-4.140733E-05,0.001252142,-9.516126E-05,-0.002804539,-0.01539785,0.03002636,0.274091,-0.6416098,0.6653589,20.2971,337.6454,316.9901,0.003476736,-9.560731E-05,0.001431038,-0.0003475964,0.02761138,-0.02118135,-0.2652291,-0.6232145,-0.04782634,42.16129,355.0561,347.7292,
2292.893,0.001708773,-0.0004751688,0.0002551385,0.005840837,0.005563228,-0.008580239,-0.0865344,-0.47712,-0.8207508,279.1834,158.612,202.7351,0.0001567482,0.0007079493,3.576883E-05,-0.009102121,-0.01112967,0.02197078,0.2740994,-0.6416079,0.6653584,20.28957,337.6407,316.9718,0.003648713,7.749384E-05,0.001693369,0.0008225387,0.02592678,-0.02745154,-0.2652356,-0.6232076,-0.04783278,42.16512,355.0767,347.7619,
2307.034,0.0008963648,-0.0004626391,0.00151092,-0.0006333331,0.003065113,-0.01127462,-0.08654746,-0.477115,-0.8207029,279.1713,158.5744,202.7582,0.0001316964,0.0001371805,5.736035E-05,-0.01146227,-0.003418348,0.01378431,0.2741067,-0.6416064,0.6653587,20.28654,337.6333,316.9547,0.00314582,-0.0001484419,0.001783083,0.001761626,0.02823031,-0.02583098,-0.2652357,-0.6232076,-0.04783278,42.16493,355.0756,347.7617,
2320.583,3.610237E-05,-0.0005856387,0.002614676,-0.01166094,-0.0006892828,-0.008122232,-0.08657658,-0.4771107,-0.8206432,279.1392,158.5634,202.7678,2.576657E-05,-0.0002297808,2.655613E-05,-0.01238067,0.002804509,0.009900417,0.2741109,-0.6416057,0.6653615,20.29029,337.6271,316.9416,0.0009995118,0.0007163445,3.53262E-05,0.001826829,0.03607575,-0.03159282,-0.2652356,-0.6232076,-0.04783277,42.1657,355.079,347.7681,
2335.541,-0.0006272313,-0.0004667255,0.003514079,-0.01841315,-0.002824061,-0.002050103,-0.08661833,-0.4770737,-0.8205698,279.1106,158.5672,202.7727,-8.987376E-05,-0.0003230252,-2.547057E-05,-0.01138044,0.005624805,0.009487712,0.2741143,-0.6416051,0.6653646,20.29467,337.6204,316.9295,0.0009794934,0.0008049657,9.579409E-05,0.003146246,0.04000442,-0.03246599,-0.2652356,-0.6232076,-0.0478328,42.16568,355.0803,347.7716,
2349.971,-0.001131053,-0.0003240099,0.003980766,-0.02193176,-0.003565509,0.005887132,-0.0866611,-0.4770354,-0.8205042,279.0838,158.5642,202.7998,-1.788737E-06,0.0001574449,-1.029156E-05,-0.01049129,-0.001797562,0.01613886,0.2741188,-0.6416042,0.6653663,20.29392,337.6123,316.9144,0.00126683,0.0007713138,-3.613203E-05,-0.0003896574,0.04424709,-0.03931481,-0.2653522,-0.6231973,-0.04792105,42.16251,355.0639,347.7405,
2363.781,-0.001695699,-0.0002614601,0.00395981,-0.0211555,-0.005506105,0.01090802,-0.08669701,-0.4770328,-0.8204763,279.0695,158.631,202.7507,-5.581955E-05,0.0004078143,-5.220422E-05,-0.007100656,-0.004296406,0.01836227,0.2741265,-0.6416026,0.6653672,20.28829,337.6016,316.8934,0.0012369,0.0009043709,5.459556E-05,0.001590906,0.05013867,-0.04062563,-0.2653524,-0.6231952,-0.04792099,42.1628,355.0672,347.7487,
2375.692,-0.002226342,-0.0002074356,0.003410654,-0.01809933,-0.005549048,0.01541347,-0.0867368,-0.4770364,-0.8204752,279.0666,158.7213,202.6839,0.0001314897,0.000661157,2.58096E-05,-0.01109578,-0.01012242,0.02403091,0.2741334,-0.6416012,0.6653677,20.2815,337.5951,316.8719,0.0012369,0.0009043646,5.459457E-05,0.001591049,0.05013866,-0.04062565,-0.2653506,-0.623195,-0.04792029,42.16277,355.0671,347.7484,
2391.233,-0.00253273,-0.0001988964,0.002782832,-0.01196019,-0.009054496,0.01651686,-0.08678554,-0.4770249,-0.8204529,279.0627,158.8194,202.5893,0.0001226457,0.0009347981,4.704874E-06,-0.009196924,-0.01352621,0.02749719,0.2741445,-0.6415988,0.6653669,20.26766,337.5829,316.8431,0.00118192,0.0006655589,-6.578956E-05,-0.001431351,0.04065937,-0.0363844,-0.2653491,-0.6231982,-0.04792059,42.16239,355.0614,347.7361,
2405.311,-0.002733195,-0.000129817,0.002211973,-0.005640878,-0.01111495,0.01498136,-0.08684517,-0.4769949,-0.8204089,279.0565,158.9008,202.5133,2.560673E-05,0.0008184989,-3.682054E-05,-0.01163524,-0.01059477,0.03040643,0.2741552,-0.6415966,0.6653664,20.25611,337.5708,316.8148,0.001031967,0.0003654789,-0.0001855416,-0.004838279,0.02955503,-0.0296482,-0.2653472,-0.6232066,-0.04792284,42.16167,355.0547,347.7235,
2417.478,-0.002793842,-0.0002380262,0.001588038,-0.003501687,-0.01155966,0.01403086,-0.08689779,-0.4769771,-0.8203799,279.0542,158.9786,202.4431,1.706507E-05,0.001092225,-5.794959E-05,-0.00974058,-0.01400385,0.03387152,0.2741645,-0.6415945,0.6653658,20.24364,337.5601,316.7891,0.005250604,0.0005075107,0.001649899,-0.0302543,-0.01644325,-0.005625714,-0.265315,-0.6230373,-0.0479796,42.23476,355.3493,348.1998,
2433.199,-0.00254505,-0.000378878,0.00103491,-0.003345654,-0.009522301,0.01344348,-0.08691241,-0.4769791,-0.8203993,279.0497,159.0149,202.4161,5.353371E-05,0.0009553449,-3.170776E-05,-0.01315771,-0.01268376,0.03442134,0.2741766,-0.6415919,0.6653658,20.23243,337.5503,316.7572,0.006032428,0.004442303,0.0023444,-0.02101123,-0.05433001,0.02191465,-0.2652343,-0.6229442,-0.04824476,42.24508,355.3232,348.1167,
2447.475,-0.002171005,-0.0005516394,0.000703715,-0.005363844,-0.008954617,0.01103204,-0.08691895,-0.4769837,-0.8204156,279.0395,159.0398,202.3944,0.0001070101,0.001048191,-1.107198E-05,-0.009259399,-0.01470917,0.03026579,0.2741891,-0.6415892,0.6653652,20.21894,337.5404,316.7286,0.006181283,0.00893207,0.001750791,-0.004535831,-0.09024219,0.04832081,-0.2651252,-0.6227575,-0.04865349,42.21892,355.2501,347.9479,
2459.232,-0.001976837,-0.0005865206,0.0003795489,-0.008279098,-0.006571654,0.00697532,-0.08693741,-0.4769795,-0.8204416,279.0275,159.0106,202.4209,0.0001598709,0.0007072266,3.607642E-05,-0.009176601,-0.01109918,0.02195474,0.2741963,-0.6415877,0.665365,20.21296,337.5358,316.7136,0.005754828,0.01127127,0.002092297,0.003393763,-0.1029469,0.06489122,-0.2651276,-0.6226434,-0.04880642,42.18607,355.1647,347.7821,
2475.071,-0.001336636,-0.0005435603,0.0002507491,-0.007087443,-0.004010053,0.008468071,-0.08693573,-0.4769716,-0.8204613,279.0241,159.0099,202.431,0.0001343622,0.001094532,-8.53699E-07,-0.007313131,-0.01572193,0.0281884,0.2742071,-0.6415854,0.6653643,20.19697,337.5344,316.6861,0.003934006,0.011474,0.004198983,0.007151284,-0.1055534,0.06926718,-0.2654442,-0.6226901,-0.04819837,42.15776,355.0876,347.6305,
2489.031,-0.0009526013,-0.0005719201,-0.0004869535,-0.006755212,-0.0005238612,0.005248075,-0.0869337,-0.4769714,-0.8205056,279.0223,158.9598,202.4807,0.0001713567,0.001391393,-1.304692E-06,-0.006918722,-0.02003583,0.03289659,0.2742165,-0.6415833,0.6653623,20.17957,337.525,316.6612,0.002766546,0.01024507,0.004968638,0.006966537,-0.09675173,0.05691482,-0.2656558,-0.6227385,-0.0478337,42.14476,355.0675,347.5731,
2502.063,-0.0004155579,-0.0005517608,-0.001180294,-5.63823E-05,0.002520444,0.002232564,-0.08690596,-0.4769695,-0.820563,279.0382,158.9381,202.5017,3.108884E-06,0.001549265,-9.555741E-05,-0.002530779,-0.01974958,0.03470468,0.2742281,-0.6415808,0.6653584,20.15887,337.5128,316.6353,0.001246693,0.006887499,0.004678613,-0.0008604014,-0.06268517,0.0342954,-0.2657853,-0.622785,-0.04770583,42.14889,355.0665,347.5674,
2515.381,0.0001159993,-0.0003117964,-0.002003228,0.01287827,0.002480942,-0.00203373,-0.08686891,-0.4769567,-0.8206365,279.0737,158.9872,202.4451,0.0001718099,0.001300812,3.547542E-06,-0.003477739,-0.01894769,0.02680603,0.2742386,-0.6415784,0.6653554,20.14356,337.5062,316.6147,-4.939327E-05,0.004436447,0.004418835,0.002349121,-0.02966832,0.01276631,-0.2658136,-0.6227839,-0.04772083,42.14643,355.0689,347.5675,
2530.222,0.0006116896,-5.683454E-05,-0.00219401,0.02345141,0.002633211,0.001376429,-0.08684161,-0.476949,-0.8206527,279.1272,159.0641,202.3797,-0.0001235046,0.000772397,-0.0001103355,-0.003756388,-0.007981684,0.02335996,0.2742489,-0.6415762,0.6653533,20.13047,337.5053,316.5941,-0.00128546,0.002693777,0.004562625,0.001663206,-0.007143649,-0.01067466,-0.2659335,-0.6228241,-0.04750631,42.14491,355.0802,347.5738,
2544.18,0.00130947,-0.0001817694,-0.002257588,0.02350641,0.004248309,0.003120391,-0.08679949,-0.4769558,-0.8206642,279.128,159.0541,202.401,-6.225394E-05,0.0005914684,-6.850021E-05,-0.001754685,-0.006602251,0.01573795,0.2742543,-0.641575,0.665352,20.12356,337.5003,316.5836,-0.001852539,0.001554322,0.005021652,0.0004172568,0.01118296,-0.02252582,-0.2661005,-0.6228821,-0.04718531,42.1461,355.1029,347.5997,
2556.245,0.001744805,-0.0003698587,-0.001970724,0.01742026,0.009667347,0.004790808,-0.0867538,-0.4769712,-0.8206844,279.1361,158.9666,202.4981,7.064176E-05,0.0002268865,2.073258E-05,-0.01001555,-0.003608485,0.01532902,0.2742597,-0.6415738,0.6653523,20.11995,337.4933,316.5684,-0.002057623,0.001115161,0.005475739,-0.002293962,0.0164509,-0.02317772,-0.2662392,-0.6229355,-0.04691048,42.15173,355.1252,347.6272,
2571.767,0.002265763,-0.0005970039,-0.0015641,0.01002998,0.01240955,0.008337332,-0.08669057,-0.4769949,-0.820706,279.1363,158.9016,202.5756,-9.035523E-05,0.0001113485,-5.203682E-05,-0.007493401,8.906389E-05,0.01367166,0.2742639,-0.6415731,0.665354,20.11941,337.4871,316.557,-0.001652986,0.0003897461,0.005334591,-0.01045571,0.003433191,-0.01121976,-0.2663495,-0.6229953,-0.04663336,42.1589,355.1363,347.6354,
2586.002,0.002359021,-0.0005424427,-0.001273751,0.003974408,0.01411197,0.001109869,-0.08664386,-0.477005,-0.8207291,279.1329,158.7731,202.6946,-1.720757E-06,6.710429E-05,-5.122119E-06,-0.007008536,-0.0006253342,0.0100657,0.2742673,-0.6415724,0.6653551,20.11973,337.484,316.5471,-0.0004085262,0.0002675905,0.00561594,-0.007824013,-0.003119509,-0.006010083,-0.2664258,-0.6230465,-0.04639205,42.16291,355.1421,347.6368,
2598.022,0.002032078,-0.0005126043,-0.001202176,-0.001045775,0.01352594,-0.009878181,-0.08663176,-0.4769921,-0.820758,279.1276,158.6425,202.7967,-0.0001094798,4.437769E-05,-5.729659E-05,-0.000599606,0.001013471,0.004245668,0.274269,-0.6415721,0.6653559,20.12047,337.4808,316.5426,-0.0006026004,0.0002091122,0.007880488,-0.006191693,-0.01326519,0.00216008,-0.2666365,-0.623172,-0.04571447,42.16569,355.1416,347.6268,
2613.602,0.001340398,-0.0006839313,-0.00132882,-0.006386166,0.009167802,-0.01866402,-0.08664152,-0.4769897,-0.8207949,279.1116,158.5849,202.8132,3.34265E-05,0.0001831948,4.979899E-06,0.0003053476,-0.002821786,0.002573367,0.2742702,-0.6415718,0.6653554,20.11815,337.4785,316.5402,-0.00173486,0.000309795,0.01098319,-0.0005963953,-0.01818609,0.008873302,-0.2668757,-0.6233102,-0.04492864,42.16286,355.1322,347.6054,
2627.433,0.0008180932,-0.0007269949,-0.001084216,-0.005593525,0.004118429,-0.02050894,-0.08663642,-0.4770042,-0.8208255,279.1083,158.5739,202.8096,7.624125E-06,0.0004802663,-2.680294E-05,0.005614025,-0.006398142,0.002703497,0.2742707,-0.6415716,0.6653541,20.11291,337.4793,316.5407,-0.003493505,0.0002067206,0.01409525,0.003813662,-0.003487825,-0.0008026066,-0.2671524,-0.6234509,-0.04408292,42.15725,355.1345,347.6042,
2640.89,0.000414348,-0.0003121425,-0.0008375985,-0.003568875,0.00606531,-0.01327932,-0.08662722,-0.4770047,-0.8208579,279.1141,158.536,202.8533,-8.962468E-05,0.0007079068,-8.982971E-05,0.01047017,-0.008056118,0.003670523,0.2742711,-0.6415714,0.6653503,20.1035,337.4797,316.5439,-0.004259593,-0.000637789,0.01426813,-0.002852913,0.004405004,-0.005784738,-0.2672212,-0.6234561,-0.04389594,42.16097,355.142,347.6132,
2655.521,0.0002333051,4.079974E-05,-0.0007382659,-0.0008008374,0.003860685,-0.0048282,-0.0866175,-0.4769988,-0.820873,279.1166,158.5812,202.8199,-3.524295E-05,0.0008909816,-7.468026E-05,0.01088907,-0.01117688,0.005608187,0.2742726,-0.6415708,0.6653458,20.09125,337.4777,316.5439,-0.005191437,-0.001176855,0.01480818,-0.0004827581,0.01977381,-0.01536644,-0.2673104,-0.6234716,-0.04367508,42.16448,355.162,347.65,
2668.88,-0.0001755979,-0.0001216688,-0.0008405267,0.0008865147,-0.000486656,-0.0002071661,-0.08662257,-0.4770093,-0.8208691,279.1174,158.6531,202.7554,7.690373E-06,0.0004802534,-2.701892E-05,0.005612641,-0.006397771,0.002707248,0.2742736,-0.6415704,0.6653439,20.0861,337.4764,316.5437,-0.004654736,-0.001770094,0.01402889,-0.0003833482,0.02891261,-0.02567215,-0.2672513,-0.623499,-0.04371199,42.16931,355.1916,347.6963,
2681.191,-0.0008235289,-0.0003104268,-0.0008573345,0.005824249,-0.003734727,0.005249434,-0.08664541,-0.477024,-0.820861,279.1284,158.7619,202.6597,0.0001049203,0.0002526038,3.597877E-05,0.0007565656,-0.004738097,0.001741652,0.274274,-0.6415703,0.6653424,20.08355,337.4768,316.5439,-0.003968151,-0.003035193,0.01285947,0.002656165,0.03969086,-0.03447069,-0.2671373,-0.6235611,-0.04382223,42.17385,355.2363,347.7714,
2696.024,-0.001338244,-0.0003846513,-0.0005072991,0.009923914,-0.006367597,0.004970722,-0.08667661,-0.4770255,-0.820865,279.1407,158.8586,202.5645,-1.326527E-05,-0.000273596,1.09837E-05,-0.001992199,0.003734202,-0.00282052,0.2742743,-0.6415703,0.6653428,20.08421,337.4782,316.5428,-0.003457315,-0.004325543,0.01223933,-0.003711895,0.04919395,-0.04194913,-0.2671395,-0.6236258,-0.04376028,42.19011,355.2858,347.8544,
2711.02,-0.001952857,-7.792703E-05,0.0004602894,0.007751533,-0.00783863,0.003151934,-0.08671962,-0.4770089,-0.8208401,279.1393,158.9128,202.5084,0.0001564274,-0.0003415152,9.976733E-05,-0.009857995,0.002418742,0.001479292,0.2742749,-0.6415703,0.6653448,20.08906,337.4763,316.5385,-0.003605988,-0.004383982,0.01260207,-0.003827476,0.04790537,-0.03739161,-0.2672121,-0.6236713,-0.04358928,42.2014,355.3183,347.9131,
2725.177,-0.002261023,-9.18083E-05,0.001662714,1.843207E-05,-0.0113988,0.004086422,-0.08676089,-0.4770039,-0.8207961,279.1195,158.9881,202.4347,2.301081E-05,-0.0003202869,3.197177E-05,-0.00885185,0.004022796,0.003837612,0.2742759,-0.6415703,0.6653479,20.09559,337.4722,316.5325,-0.00321568,-0.003138616,0.01230082,0.00052511,0.04037127,-0.03437025,-0.267212,-0.6236889,-0.04360957,42.20434,355.3471,347.9601,
2737.298,-0.002488917,8.984707E-05,0.002833947,-0.005309374,-0.01043151,0.005949202,-0.08680604,-0.4769889,-0.8207414,279.1025,159.0133,202.4156,-4.847513E-05,-0.0003896799,8.011693E-07,-0.00930287,0.005940839,0.004673753,0.2742769,-0.6415702,0.6653506,20.10102,337.4705,316.5269,-0.002164651,-0.002036272,0.01024166,0.002166279,0.03023531,-0.02622895,-0.2670647,-0.6236655,-0.04407997,42.2052,355.3618,347.9862,
2752.755,-0.002400812,8.658943E-05,0.003704585,-0.01068498,-0.008267648,0.0119075,-0.08683623,-0.4769832,-0.8206856,279.0816,159.0329,202.4156,2.399712E-05,-0.0002299627,2.663682E-05,-0.01231505,0.002962934,0.009936054,0.2742793,-0.6415698,0.6653532,20.10543,337.4652,316.5165,-0.001226794,-0.001173697,0.008387515,0.005469877,0.02566998,-0.02145104,-0.2669237,-0.6236385,-0.04452227,42.20393,355.3777,348.0165,
2766.657,-0.002215504,-6.996933E-05,0.003795839,-0.01605424,-0.006111665,0.01787063,-0.08684336,-0.477003,-0.8206506,279.0533,159.0275,202.4508,-5.502088E-05,-2.559826E-05,-2.575273E-05,-0.01089188,0.001443627,0.01422898,0.2742832,-0.6415692,0.6653557,20.10732,337.4577,316.503,-0.002290308,-0.001323054,0.0110293,0.008429622,0.02733146,-0.01990104,-0.2671676,-0.6237823,-0.04380766,42.20275,355.3977,348.0577,
2779.194,-0.001958641,-0.0002435924,0.003529523,-0.01795029,-0.002610793,0.01794211,-0.08684458,-0.4770244,-0.8206305,279.0374,159.0033,202.4887,-1.87121E-05,0.0001808002,-2.086438E-05,-0.007045646,-0.001822395,0.01283345,0.2742877,-0.6415683,0.6653578,20.10777,337.4514,316.4897,-0.003351517,-0.002492901,0.01431332,0.002710659,0.03091245,-0.02208856,-0.2674841,-0.62397,-0.04284818,42.20747,355.4216,348.1053,
2794.454,-0.001648641,-0.000553366,0.003070994,-0.01366047,-0.004099214,0.01398598,-0.08684982,-0.4770579,-0.8205848,279.036,159.039,202.4525,0.0002651145,2.434418E-05,0.0001303832,-0.009025748,-0.00381654,0.005343061,0.2742915,-0.6415677,0.6653594,20.10761,337.4526,316.4799,-0.003678618,-0.003521645,0.0164781,-0.004919682,0.02072545,-0.01721834,-0.2676847,-0.6240959,-0.04220857,42.2165,355.4352,348.1247,
2808.847,-0.001147738,-0.0003378757,0.002701229,-0.004196791,-0.005485861,0.01561148,-0.08684485,-0.4770721,-0.8205234,279.0486,159.1371,202.3676,0.0001595525,0.0001823748,6.773924E-05,-0.009543647,-0.004308829,0.01171851,0.2742954,-0.641567,0.6653613,20.1068,337.4503,316.4675,-0.002887048,-0.003179962,0.01714706,-0.009590031,0.00434685,-0.005076347,-0.2677155,-0.6241214,-0.04200339,42.22541,355.4364,348.1205,
2822.278,-9.767251E-05,-0.0002310244,0.002487993,0.0001366357,-0.001647216,0.02231754,-0.08680604,-0.4770827,-0.8204807,279.0648,159.1348,202.407,0.0002590034,0.0003882936,0.0001040174,-0.01062411,-0.008316047,0.01489414,0.274301,-0.6415658,0.6653615,20.10182,337.4446,316.4512,-0.000681208,-0.001811293,0.01769806,-0.03247633,-0.04976526,0.02674405,-0.267664,-0.6240982,-0.04160545,42.25564,355.3907,348.0019,
2836.011,0.001365833,-0.0002626233,0.002375472,0.008387413,0.006831677,0.01550083,-0.08672623,-0.4770951,-0.8204672,279.0867,159.0834,202.4579,0.0001355671,0.0005697351,3.084687E-05,-0.007708863,-0.008956265,0.01794177,0.274309,-0.6415642,0.6653625,20.09403,337.4471,316.431,0.0003894577,0.003368049,0.01931836,-0.01627383,-0.08732124,0.05550851,-0.2675024,-0.6240067,-0.04127628,42.23773,355.2979,347.808,
2851.129,0.003689514,-0.0005306128,0.002692317,0.01282956,0.01638636,-0.003871628,-0.0865832,-0.4771214,-0.8204353,279.1204,158.8071,202.6808,2.681747E-06,0.0008443286,-5.306451E-05,0.003996501,-0.0109274,0.01224268,0.2743149,-0.6415629,0.6653607,20.08362,337.4432,316.42,0.001200352,0.007702164,0.02032824,-0.000547929,-0.1174046,0.07649877,-0.2673111,-0.6239337,-0.04092526,42.1867,355.1768,347.5642,
2864.879,0.005455117,-0.0009564641,0.002668824,0.003370653,0.02237676,-0.02790794,-0.08645502,-0.4771367,-0.8203958,279.1178,158.4222,203.0081,-6.714342E-06,0.000937422,-6.392895E-05,0.01278726,-0.01226083,0.003499322,0.2743171,-0.6415623,0.6653577,20.07284,337.4411,316.4193,0.001568025,0.008525327,0.02214648,0.001310622,-0.1334113,0.08999651,-0.2671703,-0.623915,-0.04050551,42.14597,355.0465,347.3129,
2876.806,0.006498726,-0.0007974018,0.002696386,-0.006812686,0.02650878,-0.06252718,-0.08633754,-0.4771275,-0.8203534,279.106,158.0105,203.2887,1.903536E-06,0.001007106,-6.445739E-05,0.01815075,-0.01344671,-0.001911697,0.274317,-0.641562,0.6653509,20.05687,337.4435,316.428,0.001543595,0.006804696,0.02376103,0.0002442598,-0.1212839,0.08144456,-0.2671577,-0.62393,-0.04019798,42.13208,354.9953,347.2082,
2891.968,0.006221279,-0.0007552872,0.001598955,-0.00565411,0.01563587,-0.1071131,-0.08625656,-0.4771361,-0.8203782,279.131,157.7854,203.3316,-5.008038E-05,0.001257873,-0.0001070751,0.02151069,-0.01600683,0.0003016242,0.2743161,-0.6415617,0.6653427,20.03667,337.4478,316.4393,0.001066061,0.003281103,0.0250096,0.002461374,-0.07388651,0.04021691,-0.2672326,-0.6239898,-0.04003467,42.13414,355.0473,347.2818,
2905.742,0.005170962,-0.0004905665,7.782818E-05,0.01061829,0.003713046,-0.1277714,-0.08621003,-0.4771395,-0.8204433,279.1792,157.821,203.1709,-3.322148E-05,0.001144136,-9.166228E-05,0.02154453,-0.01480449,-0.0024629,0.2743151,-0.6415614,0.6653343,20.01805,337.4511,316.4511,-0.0003770594,-0.0007528286,0.02538477,0.0007899142,-0.03265646,0.007026479,-0.2672839,-0.6240298,-0.03985602,42.1406,355.0842,347.3322,
2918.973,0.004102421,-0.0004359919,-0.002275539,0.03265852,-0.004967112,-0.1280716,-0.08618064,-0.4771485,-0.8205654,279.2369,157.9208,202.9886,1.867858E-05,0.0008933553,-4.957892E-05,0.0181848,-0.01224698,-0.004668776,0.2743137,-0.6415614,0.6653281,20.00592,337.4538,316.4609,-0.001611997,-0.003555833,0.02560208,0.0003932395,0.005936457,-0.02584114,-0.267377,-0.6240895,-0.03955926,42.14783,355.1376,347.4031,
2933.502,0.00294625,-0.0004004347,-0.004474533,0.04605874,-0.007400855,-0.1170249,-0.0861901,-0.4771468,-0.8206698,279.3011,157.9491,202.8993,3.286975E-05,0.0003459311,-6.509038E-06,0.01444436,-0.005373213,-0.01158758,0.2743104,-0.6415617,0.6653216,19.99553,337.459,316.4763,-0.002448511,-0.004782095,0.02165126,0.007530588,0.04806372,-0.06251108,-0.2672245,-0.6240355,-0.04034069,42.15371,355.2562,347.5734,
2947.769,0.001539323,-0.0008331737,-0.006648253,0.05098269,-0.01371223,-0.09169509,-0.08622931,-0.4771647,-0.8207988,279.3324,158.1708,202.6653,5.699894E-05,-4.142016E-05,3.108986E-05,0.01260258,-0.0007391331,-0.01782264,0.2743056,-0.6415626,0.6653187,19.99379,337.4682,316.493,-0.002446663,-0.00502533,0.01700516,0.007456358,0.06377963,-0.07401861,-0.2669337,-0.6239368,-0.04153861,42.16161,355.3374,347.6967,
2961.144,-0.0003457291,-0.0009261263,-0.007193495,0.05080351,-0.01432288,-0.06372079,-0.08630112,-0.4771957,-0.8209144,279.3613,158.3189,202.5181,5.58923E-05,-0.0001316739,3.649932E-05,0.01605797,0.0003018429,-0.02392895,0.2742998,-0.6415637,0.6653166,19.99457,337.4759,316.5134,-0.001136823,-0.005370195,0.01091605,0.003368181,0.06640954,-0.07834885,-0.2665177,-0.6237649,-0.04321465,42.17183,355.4033,347.7857,
2975.069,-0.001816317,-0.0009865882,-0.005922953,0.04335015,-0.01785348,-0.04393948,-0.08637588,-0.4772352,-0.8209636,279.3613,158.4397,202.3894,-3.153714E-05,2.8707E-06,-1.587861E-05,0.01212785,-1.061277E-05,-0.01421696,0.2742919,-0.6415651,0.6653138,19.99472,337.4812,316.5325,0.000591504,-0.005661982,0.007517296,-0.007785069,0.06742377,-0.07933842,-0.2663544,-0.6236555,-0.04405716,42.1991,355.4843,347.8955,
2988.931,-0.003898534,-0.0009913838,-0.003806048,0.02017978,-0.02252281,-0.03202177,-0.08650535,-0.4772765,-0.8209442,279.3127,158.4787,202.3322,-2.704574E-06,0.0002298541,-1.653346E-05,0.007155382,-0.003126299,-0.004085054,0.2742881,-0.6415658,0.6653106,19.99158,337.4863,316.5433,0.002303489,-0.004949071,0.004595766,-0.01047386,0.05825936,-0.07301917,-0.2662287,-0.6235657,-0.04469484,42.21222,355.5313,347.9557,
3003.284,-0.006027563,-0.0007047371,-0.001762087,0.003533376,-0.03468228,-0.03216954,-0.0866731,-0.4773006,-0.8208768,279.2766,158.6723,202.095,2.504155E-05,0.000366545,-1.179123E-05,0.005638247,-0.005203051,-5.888881E-05,0.274287,-0.6415659,0.6653084,19.98714,337.4867,316.548,0.006167087,-0.003343418,-0.003220383,-0.01126118,0.04584766,-0.05776845,-0.2657304,-0.6232648,-0.04670582,42.22596,355.5723,348.0094,
3016.709,-0.008399343,-0.0005156518,-0.0008739615,-0.005586238,-0.04631006,-0.03228131,-0.08688354,-0.4773246,-0.8208383,279.2499,158.9863,201.7415,-8.057173E-05,0.0005244252,-7.485981E-05,0.00513197,-0.005669194,0.006320361,0.274288,-0.6415656,0.6653057,19.97979,337.4846,316.5477,0.009440145,-0.002160774,-0.009092931,-0.01194267,0.03472563,-0.04702293,-0.2653045,-0.6230417,-0.04821597,42.24278,355.6198,348.0669,
3031.281,-0.009699955,-0.0006650314,-0.0008870657,-0.002577798,-0.05389278,-0.01211423,-0.08705975,-0.4773411,-0.8208818,279.2488,159.3926,201.375,9.769484E-05,0.0005262706,1.363711E-05,0.002630566,-0.00816055,0.005221249,0.2742899,-0.6415651,0.6653032,19.972,337.4824,316.5452,0.01155079,-0.0004114071,-0.01297912,-0.01715132,0.007194655,-0.02413415,-0.2650609,-0.6229312,-0.04916279,42.26003,355.6429,348.0789,
3045.484,-0.0100795,-0.001098193,-0.001471951,0.0004460611,-0.05176914,0.02179691,-0.08720967,-0.4773727,-0.8209528,279.2338,159.6897,201.165,9.886018E-05,0.0006165789,8.131965E-06,-0.0008233486,-0.009193778,0.01133011,0.2742925,-0.6415645,0.665302,19.96566,337.4824,316.5392,0.01147117,0.001658253,-0.01373993,-0.01036627,-0.01895193,0.001398693,-0.2649739,-0.6229236,-0.04935308,42.2606,355.6319,348.0461,
3058.082,-0.01030696,-0.001091024,-0.001499095,0.007231656,-0.04429245,0.05200335,-0.08735922,-0.4773834,-0.820984,279.2482,160.0153,200.9287,-0.0002052981,0.0003623104,-0.00012633,0.0008129589,-0.001666102,0.01131403,0.2742969,-0.6415635,0.6653006,19.95907,337.4765,316.5294,0.01086618,0.00462776,-0.01485025,-0.0006080021,-0.04214097,0.02388352,-0.2647899,-0.6228449,-0.04967706,42.24776,355.5924,347.9618,
3073.683,-0.01058326,-0.0009263537,-0.001058769,0.006947458,-0.04009555,0.06963051,-0.08751404,-0.4773823,-0.820984,279.2306,160.3714,200.6418,-5.372766E-05,0.0003177529,-4.796848E-05,-0.003625338,-0.003113658,0.01229676,0.2743007,-0.6415627,0.6653004,19.95499,337.4715,316.5192,0.009893445,0.005852224,-0.01551811,0.005920305,-0.03684846,0.02645719,-0.2646887,-0.6227688,-0.04991323,42.23347,355.5665,347.9194,
3087.975,-0.01100813,-0.0008625402,-0.0001240741,0.002631047,-0.04129908,0.07210731,-0.08767733,-0.4773858,-0.8209578,279.2031,160.6552,200.392,0.0001705828,0.0004328231,5.591867E-05,-0.01107452,-0.007510029,0.01855816,0.2743067,-0.6415615,0.6653011,19.9506,337.4644,316.5005,0.0079953,0.005723676,-0.01546001,0.0133484,-0.01222904,0.01460758,-0.2646478,-0.6226993,-0.0501518,42.2196,355.5588,347.9182,
3100.433,-0.01132262,-0.001185979,0.0003210448,-0.005728011,-0.04878573,0.05639006,-0.08782253,-0.4774038,-0.8209609,279.177,160.9116,200.1287,-0.0001506787,0.0002924518,-9.457784E-05,-0.009457273,-0.001177298,0.02131806,0.2743135,-0.6415601,0.6653025,19.94714,337.458,316.4814,0.006834556,0.004291793,-0.0146606,0.009646011,-0.0001358343,0.002058888,-0.2646162,-0.6226511,-0.05032571,42.21577,355.5646,347.9275,
3114.636,-0.01139415,-0.001201685,0.0006645909,-0.009595208,-0.05020733,0.04337646,-0.0879631,-0.4774127,-0.8209605,279.1484,161.1252,199.9107,9.493355E-06,0.0003174385,-1.657199E-05,-0.008541603,-0.003826996,0.01688288,0.2743184,-0.6415592,0.6653033,19.94452,337.4531,316.4691,0.006468979,0.002243818,-0.01343152,-0.00366793,-0.006739322,0.004848232,-0.2645653,-0.622615,-0.05049803,42.21881,355.562,347.9209,
3129.157,-0.01124742,-0.001279487,0.00101192,-0.01041606,-0.0535281,0.03210608,-0.08810794,-0.4774291,-0.8209398,279.1212,161.4346,199.5955,-2.769605E-06,-2.322163E-05,1.801722E-07,-0.003535062,0.0004685217,0.00397414,0.2743213,-0.6415586,0.6653041,19.94425,337.4513,316.4636,0.00811769,0.001725572,-0.01142295,-0.02334663,-0.03174065,0.007473404,-0.2644577,-0.6225415,-0.05071303,42.23809,355.5587,347.8782,
3143.155,-0.01061545,-0.001205466,0.001094999,-0.016566,-0.05013729,0.0309676,-0.08823042,-0.4774405,-0.8209246,279.0851,161.608,199.453,-2.771099E-06,-2.322144E-05,1.792168E-07,-0.003534864,0.000468436,0.003974326,0.2743227,-0.6415584,0.6653053,19.94517,337.4512,316.4589,0.008401201,0.005680361,-0.009513883,-0.01316347,-0.05071285,0.01834882,-0.2643698,-0.6223766,-0.05091511,42.23636,355.5399,347.8132,
3156.202,-0.0096478,-0.001101007,0.0006781411,-0.01511671,-0.04153715,0.03400904,-0.08832458,-0.4774502,-0.820941,279.0824,161.7036,199.3944,-9.248916E-05,-6.915986E-05,-4.138204E-05,-0.0005538044,0.002224587,0.001470262,0.2743234,-0.6415583,0.665306,19.94683,337.4479,316.4562,0.007318724,0.01000783,-0.008716912,0.008289884,-0.0794894,0.04260235,-0.2643099,-0.6221895,-0.0509797,42.1944,355.4719,347.6674,
3171.154,-0.00852879,-0.001212354,0.0003443784,-0.01266256,-0.03372248,0.03839346,-0.0883916,-0.477468,-0.8209702,279.0734,161.8147,199.3118,-0.0001710999,0.0001352288,-9.420894E-05,0.0008734885,0.000712549,0.005765473,0.2743234,-0.6415584,0.665306,19.94706,337.4461,316.456,0.00513292,0.01113898,-0.005847598,0.01949977,-0.08144243,0.05022363,-0.2647311,-0.6223532,-0.04972357,42.15688,355.4154,347.5633,
3185.115,-0.007465343,-0.001600938,-0.000297837,-0.01333834,-0.02979597,0.03276461,-0.08844483,-0.4774972,-0.8210185,279.057,161.9069,199.224,4.08608E-05,-9.056834E-05,2.640592E-05,-0.001571178,0.0006193437,-0.0008826827,0.2743241,-0.6415582,0.6653063,19.94758,337.4447,316.4538,0.003375142,0.008848569,-0.004523252,0.0163896,-0.06866788,0.04180207,-0.2651776,-0.622579,-0.04847549,42.14335,355.3936,347.5167,
3197.138,-0.006914265,-0.001806909,-0.0007360127,-0.01194602,-0.02984754,0.02168161,-0.08852321,-0.4775076,-0.8210258,279.0463,162.0612,199.0497,6.762177E-05,-4.423546E-05,3.661444E-05,0.0003611667,-0.0004250006,-0.002965687,0.274324,-0.6415582,0.6653066,19.94784,337.4456,316.454,0.003770985,0.003844926,-0.005274878,-0.001743478,-0.03524424,0.01207487,-0.2654471,-0.6227598,-0.04767471,42.15252,355.4059,347.5255,
3212.658,-0.006615186,-0.001569642,-0.0008419391,-0.004215864,-0.02963905,0.0128344,-0.08860557,-0.477502,-0.8210262,279.049,162.2453,198.8619,-6.45024E-05,6.749301E-05,-3.662379E-05,-0.002076497,0.0001513687,0.005495519,0.2743246,-0.6415581,0.6653066,19.94761,337.4438,316.4522,0.005357629,-0.001014324,-0.005911161,-0.02949851,-0.01782946,-0.01131293,-0.2655462,-0.6228747,-0.04728141,42.17484,355.4236,347.5222,
3227.035,-0.005255338,-0.001281851,-0.0003080803,0.004211058,-0.02798057,0.02023685,-0.08863316,-0.4774923,-0.8210149,279.0621,162.4297,198.7128,-0.0001093576,4.453103E-05,-5.741075E-05,-0.0005858227,0.00102931,0.004243781,0.2743251,-0.6415581,0.6653068,19.94782,337.4406,316.4502,0.004589094,-0.0005478071,-0.004955586,-0.02518076,-0.02011805,-0.004980835,-0.2655869,-0.6229282,-0.04707396,42.1915,355.4324,347.5124,
3238.904,-0.003631661,-0.0007821011,0.0001863293,0.005631297,-0.01501782,0.03418136,-0.0886295,-0.4774696,-0.8210043,279.068,162.4483,198.7652,-9.125769E-05,2.117585E-05,-4.684008E-05,-0.004009535,0.001195953,0.007578142,0.2743269,-0.6415577,0.6653075,19.94838,337.4367,316.4442,0.003301354,0.002482705,-0.005065755,-0.00614492,-0.0277003,0.009053024,-0.2655364,-0.6228738,-0.04716881,42.19078,355.4241,347.4831,
3254.454,-0.001661334,-0.0007448456,0.0002114474,0.002829799,-0.0003011225,0.05311495,-0.08858679,-0.4774632,-0.8210058,279.0651,162.3756,198.928,-1.021309E-05,-2.578941E-06,-4.908133E-06,-0.01234339,0.0006505479,0.015502,0.2743317,-0.6415569,0.6653106,19.94941,337.4408,316.4275,0.001981828,0.003663423,-0.004773183,0.005116466,-0.02443393,0.01995052,-0.2655451,-0.6228365,-0.04711352,42.18246,355.404,347.4485,
3268.064,0.0002540014,-0.001008174,-0.0005733919,0.002601842,0.01423222,0.05324529,-0.08852595,-0.4774712,-0.8210403,279.0793,162.2177,199.118,-5.509167E-05,-2.551707E-05,-2.56996E-05,-0.0108527,0.001529859,0.01425024,0.2743368,-0.6415559,0.665313,19.94957,337.4326,316.4125,0.0001607134,0.001856774,-0.001670604,0.005697913,-0.006745379,0.008028008,-0.2658764,-0.6230003,-0.04608179,42.17958,355.3975,347.44,
3280.942,0.00125682,-0.00143536,-0.001226963,0.007448439,0.01320054,0.02469883,-0.0884832,-0.4774919,-0.8210807,279.0986,162.1122,199.1584,-6.919764E-06,0.0004311453,-3.23997E-05,-0.008583288,-0.005027528,0.0196505,0.2743429,-0.6415548,0.6653138,19.94529,337.425,316.3944,-0.0009258532,-0.00100929,0.000705716,0.001302054,0.01127957,-0.009778147,-0.2661591,-0.6231536,-0.04521948,42.18017,355.3999,347.4461,
3295.784,0.001650567,-0.001611635,-0.001406181,0.007939715,0.008730819,-0.005084715,-0.08843939,-0.4775268,-0.8211159,279.105,162.096,199.142,-0.0001199567,0.0007727612,-0.0001117158,-0.003772787,-0.007912118,0.02338097,0.2743489,-0.6415536,0.6653137,19.93795,337.4171,316.3782,-0.001561383,-0.00394578,0.001942814,-0.009451753,0.02181184,-0.0189315,-0.2663418,-0.6232817,-0.04472763,42.19074,355.4188,347.4755,
3310.81,0.002244675,-0.001522234,-0.001212815,0.004007128,0.005528943,-0.0241701,-0.08837758,-0.4775537,-0.8211381,279.1052,161.9592,199.2071,-7.468976E-05,0.0007957038,-9.097016E-05,-0.005267872,-0.008785104,0.02463258,0.2743594,-0.6415514,0.6653123,19.92421,337.4089,316.3525,-0.002328292,-0.004563435,0.002273954,-0.009424899,0.02441433,-0.02802102,-0.2664095,-0.6233419,-0.04468623,42.20681,355.4517,347.5205,
3324.089,0.003147565,-0.001167162,-0.001012934,0.003221324,0.009665091,-0.02540872,-0.08829959,-0.4775538,-0.8211479,279.1127,161.8062,199.3545,2.420607E-05,0.0009111364,-4.981813E-05,-0.002909613,-0.01175291,0.02171544,0.2743674,-0.6415496,0.6653102,19.91136,337.401,316.3351,-0.003441119,-0.00291614,0.003291267,-0.0001233087,0.03355937,-0.03518004,-0.2665003,-0.6233986,-0.04454913,42.21342,355.49,347.5789,
3335.878,0.00406631,-0.0009977466,-0.001328498,0.005665219,0.01808692,-0.01900041,-0.08821324,-0.4775465,-0.8211724,279.127,161.6739,199.4995,0.0001128583,0.0008665232,-2.868766E-06,-0.002445631,-0.01247633,0.0181105,0.274374,-0.6415482,0.6653085,19.90108,337.3949,316.3206,-0.00466751,-0.002018768,0.004211225,0.008809581,0.0397788,-0.03530232,-0.2666048,-0.6235098,-0.04422407,42.21099,355.5228,347.6369,
3350.984,0.004394547,-0.001193565,-0.002247408,0.01248815,0.02287887,-0.02370233,-0.08813962,-0.4775544,-0.8212312,279.1694,161.4983,199.6432,7.440615E-05,0.000569921,-1.889246E-06,-0.002807829,-0.008156492,0.01339963,0.2743789,-0.6415471,0.6653072,19.89405,337.3942,316.3112,-0.00538062,-0.002729821,0.004811983,0.007003665,0.04864283,-0.03884877,-0.2667355,-0.6236514,-0.04384543,42.21503,355.5648,347.7148,
3365.78,0.003805435,-0.001371124,-0.003182977,0.02422128,0.01326834,-0.04181755,-0.08809467,-0.477569,-0.8213123,279.2156,161.5654,199.4907,0.0001021247,-0.0001815433,6.320994E-05,-0.003027502,0.0009532762,-0.002401185,0.2743805,-0.6415468,0.6653065,19.89192,337.3926,316.3094,-0.005290225,-0.003757019,0.004922251,0.003504558,0.06109752,-0.04930402,-0.26685,-0.6237384,-0.04367997,42.2243,355.6162,347.8064,
3378.774,0.002746735,-0.00129109,-0.004254701,0.02727097,0.002344917,-0.05515463,-0.08808284,-0.4775729,-0.8214118,279.2346,161.5695,199.4148,-0.0001415181,-0.0005254796,-3.458657E-05,-0.002794563,0.008793481,-0.003925625,0.2743775,-0.6415474,0.6653076,19.89856,337.3928,316.3158,-0.005661801,-0.005554119,0.005013522,0.004160891,0.07914324,-0.05915375,-0.2670391,-0.6238416,-0.04358358,42.23867,355.702,347.9684,
3393.156,0.002063232,-0.001573205,-0.005905908,0.016232,-0.002173378,-0.05060337,-0.08806796,-0.477589,-0.8215434,279.2038,161.4949,199.4845,-8.881105E-05,-0.0006860196,2.460529E-06,-0.009600519,0.01034793,-2.265081E-05,0.2743764,-0.6415479,0.6653105,19.90771,337.3913,316.3144,-0.006447901,-0.005969363,0.005315036,0.007523728,0.09065602,-0.06383589,-0.2672104,-0.6239177,-0.04350316,42.24771,355.7749,348.1149,
3407.714,0.001470094,-0.001870678,-0.007715293,0.01262501,0.001798497,-0.03072588,-0.08805661,-0.4776077,-0.8216993,279.2238,161.4928,199.5107,-0.0001772074,-0.0006414028,-4.469206E-05,-0.01006905,0.01107165,0.003586608,0.2743769,-0.641548,0.6653156,19.91911,337.3898,316.3077,-0.007969988,-0.005052843,0.0055963,0.01470167,0.1061694,-0.06540608,-0.2674333,-0.6239682,-0.04341859,42.25122,355.847,348.2856,
3421.447,0.0004372667,-0.001755813,-0.008519837,0.02693101,-0.001795626,-0.01720029,-0.08807889,-0.4776167,-0.8218394,279.28,161.6712,199.3449,-0.0001924199,-0.0004373101,-6.616748E-05,-0.01356249,0.008847957,0.01246695,0.2743793,-0.6415477,0.6653196,19.92673,337.3825,316.2952,-0.009463398,-0.003356384,0.005754162,0.02980295,0.112277,-0.0683332,-0.2676729,-0.6239998,-0.0433632,42.23395,355.9175,348.4473,
3435.739,-0.001243031,-0.001763388,-0.007819572,0.03583439,-0.009933408,-0.00903511,-0.08815081,-0.4776295,-0.8219374,279.315,161.9603,199.0538,-0.00011362,0.0002462565,-7.322247E-05,-0.01630926,-0.0008223174,0.02798535,0.2743859,-0.6415465,0.6653228,19.92653,337.3681,316.2689,-0.0108984,-0.002953316,0.005381967,0.03361784,0.1258316,-0.07346567,-0.26793,-0.6240562,-0.04330317,42.22366,355.9944,348.6361,
3450.754,-0.003205489,-0.001615122,-0.004836138,0.02356285,-0.01778036,-0.004604047,-0.08825862,-0.4776331,-0.8219211,279.2821,162.0648,198.939,-0.0001464349,0.0004738838,-0.0001050425,-0.01638805,-0.003220935,0.033526,0.2743969,-0.6415445,0.665325,19.92041,337.3541,316.2354,-0.01187387,-0.003716568,0.004753259,0.03768437,0.1436492,-0.09020606,-0.2682357,-0.6241721,-0.04325105,42.21113,356.1179,348.9019,
3464.853,-0.005010672,-0.001484852,-0.0009911805,-0.005517946,-0.0258604,-0.008190322,-0.0883815,-0.4776517,-0.8217931,279.1978,162.0948,198.8791,8.002986E-05,0.0008408658,-1.743372E-05,-0.0132253,-0.01123525,0.03169941,0.2744093,-0.641542,0.6653256,19.90842,337.3399,316.2041,-0.01257312,-0.007238291,0.007452338,0.02030809,0.1583913,-0.108278,-0.2688592,-0.6246576,-0.04184864,42.24506,356.2749,349.2044,
3477.109,-0.006690222,-0.001373531,0.002402658,-0.03242066,-0.03696542,-0.01756071,-0.08852555,-0.4776695,-0.8216317,279.1112,162.2248,198.7065,0.000119812,0.001137362,-1.82231E-05,-0.0128917,-0.01555419,0.03640257,0.274422,-0.6415395,0.665325,19.89226,337.3261,316.1693,-0.01284515,-0.0108345,0.01150685,-0.007508179,0.1324774,-0.0982644,-0.2694361,-0.62512,-0.04019276,42.30387,356.3445,349.3027,
3492.279,-0.008122793,-0.001269452,0.005415005,-0.05290804,-0.04455575,-0.02125096,-0.08868444,-0.4776706,-0.8214519,279.028,162.3294,198.5723,0.0002826231,0.0007068607,9.211511E-05,-0.006919757,-0.01269929,0.01629428,0.2744312,-0.6415375,0.6653234,19.88288,337.3246,316.1568,-0.01316639,-0.009655751,0.01566756,-0.01112941,0.09504692,-0.07794658,-0.2697889,-0.6253181,-0.03914404,42.31892,356.3681,349.3158,
3506.766,-0.008264106,-0.001169206,0.006513514,-0.05976342,-0.04536753,-0.006671264,-0.08880284,-0.4776539,-0.8213301,278.9778,162.4978,198.4289,2.541711E-05,0.0008207471,-4.392871E-05,0.0004873424,-0.01076554,0.01558487,0.2744379,-0.6415361,0.6653214,19.87051,337.3232,316.1437,-0.01224819,-0.005178436,0.01733399,0.004003847,0.06076432,-0.06015469,-0.2698798,-0.6252874,-0.03899799,42.2961,356.3785,349.3152,
3519.288,-0.008275659,-0.000822538,0.006008324,-0.05344499,-0.03972242,0.006220206,-0.08891666,-0.4776264,-0.8212635,278.9537,162.6573,198.3027,2.735223E-05,0.0009110708,-4.937949E-05,-0.002976466,-0.01177597,0.02169387,0.2744429,-0.641535,0.6653197,19.86059,337.3174,316.1306,-0.01103124,-0.001912471,0.01866563,0.01587367,0.04383351,-0.03881432,-0.2699824,-0.6253057,-0.03880274,42.27513,356.3824,349.3311,
3535.013,-0.008343288,-0.000685784,0.003801879,-0.03650129,-0.03881413,0.0128658,-0.08903383,-0.4776092,-0.8212702,278.955,162.8822,198.0829,4.211855E-06,0.0005008099,-3.260644E-05,-0.003274051,-0.00624127,0.01422149,0.2744485,-0.6415339,0.6653183,19.85367,337.3125,316.1198,-0.007416483,-0.0006021876,0.01540123,0.01089957,0.03095246,-0.02086836,-0.2695051,-0.6250671,-0.04004468,42.27356,356.3806,349.3362,
3549.243,-0.008505719,-0.0009194311,0.0008672149,-0.01539268,-0.04297487,0.01440825,-0.08915658,-0.4776099,-0.8213416,278.9768,163.2115,197.7488,-0.0001036778,-0.0002285554,-3.574677E-05,-0.002404913,0.004488206,0.0007952659,0.2744503,-0.6415335,0.6653177,19.85178,337.3105,316.1174,-0.003655204,0.0001515124,0.01267167,0.01233267,0.009755059,-0.00195932,-0.269039,-0.6248366,-0.04123564,42.26556,356.3717,349.3283,
3562.677,-0.008439903,-0.001162696,-0.001830971,0.004699257,-0.04572978,0.0166185,-0.0892795,-0.4776059,-0.8214552,278.9962,163.5592,197.4118,-2.260695E-05,-9.003897E-05,-5.010609E-06,0.003351527,0.001311128,-0.005468696,0.2744492,-0.6415337,0.6653183,19.85407,337.3132,316.12,-0.001525477,-0.0003249327,0.01127422,0.003202137,-0.01013018,0.01987505,-0.2688047,-0.62474,-0.04174087,42.26251,356.347,349.301,
3575.832,-0.008259007,-0.001245761,-0.00385559,0.01127145,-0.0407488,0.01967639,-0.0893963,-0.4776011,-0.821578,279.0071,163.7397,197.2489,-1.354653E-05,-2.03864E-05,-5.329263E-06,0.008689105,5.971262E-05,-0.01089497,0.2744462,-0.6415342,0.6653175,19.85517,337.3151,316.1297,-0.000580204,-0.001074745,0.01132765,-0.007308601,-0.03303891,0.0359642,-0.2687487,-0.62476,-0.04165912,42.26444,356.3009,349.2325,
3590.869,-0.007339222,-0.001286821,-0.004939238,0.0114713,-0.03291456,0.02734109,-0.08947469,-0.4776064,-0.8216792,279.0036,163.8261,197.2007,-4.777724E-05,0.0001168548,-3.187062E-05,0.01206669,-0.001334096,-0.01146228,0.2744412,-0.6415352,0.665315,19.85434,337.3188,316.1453,-0.000601741,0.0002656112,0.01175238,-0.007166212,-0.04087714,0.04172479,-0.2687052,-0.6247522,-0.04157994,42.26397,356.2527,349.1598,
3604.902,-0.006071549,-0.001266423,-0.005287028,0.01160327,-0.02770963,0.03358371,-0.08952579,-0.4776108,-0.8217542,279.012,164.0076,197.0515,-0.0002135563,0.0003665132,-0.00013168,0.01301968,-0.002146755,-0.003565628,0.2744387,-0.6415355,0.6653131,19.85148,337.3227,316.1531,-0.001202055,0.002493323,0.01225897,0.007176677,-0.03685168,0.03742031,-0.2687146,-0.6247455,-0.0414314,42.24843,356.2224,349.1165,
3617.162,-0.004849737,-0.0008772591,-0.004716514,0.01830589,-0.02097335,0.03499492,-0.08956304,-0.4775997,-0.8217932,279.0419,164.1339,196.9474,-8.413202E-06,0.0004132955,-3.287514E-05,0.01240664,-0.005661296,-0.006756072,0.2744365,-0.6415358,0.6653095,19.84519,337.3249,316.1624,-0.002793435,0.003313552,0.0124926,0.01813855,-0.02147163,0.02914477,-0.2687484,-0.6247556,-0.04127298,42.22802,356.1983,349.0901,
3632.212,-0.003268838,-0.0006078631,-0.003686465,0.01868647,-0.01261699,0.03694288,-0.0895652,-0.4776081,-0.8218178,279.0499,164.1732,196.9403,-0.0001236718,0.0004119178,-9.019158E-05,0.01002405,-0.003877286,-0.001061686,0.2744352,-0.6415359,0.6653064,19.83966,337.3254,316.1681,-0.004086707,0.001547972,0.01239191,0.0191756,0.0007498169,0.007635413,-0.2688114,-0.6247644,-0.04114322,42.21553,356.1967,349.0974,
3646.555,-0.001528841,-0.0004930203,-0.002448031,0.01709984,-0.004563597,0.03007651,-0.0895389,-0.4776197,-0.8218191,279.0587,164.1352,196.9866,-7.311803E-05,0.0001609242,-4.759304E-05,0.006687142,-0.001284604,-0.00326599,0.274434,-0.6415359,0.6653044,19.83566,337.3266,316.1734,-0.005218554,-0.002135172,0.0118413,0.005675769,0.03371378,-0.01449305,-0.2689244,-0.6248026,-0.04096414,42.2177,356.2141,349.1491,
3659.087,-0.0001044329,-0.0006227531,-0.001341614,0.01435805,0.0005874109,0.02073392,-0.08950046,-0.4776236,-0.8218001,279.0648,164.0982,197.025,-0.0001001208,0.0001147209,-5.778966E-05,0.004766349,-0.0002243368,-0.001181546,0.2744343,-0.6415359,0.6653045,19.83406,337.342,316.1738,-0.005167057,-0.00502574,0.01085019,-0.004714,0.04453689,-0.01983541,-0.2689012,-0.6248227,-0.04109125,42.23048,356.2361,349.2083,
3674.752,0.00187038,-0.0008542927,0.0004338968,0.006452784,0.01059907,0.01545724,-0.08942053,-0.4776235,-0.8217322,279.0622,163.9602,197.1783,-9.282838E-05,-6.869731E-05,-4.139939E-05,-0.000530651,0.002227366,0.001474664,0.2744339,-0.641536,0.6653045,19.83401,337.3402,316.1747,-0.003380071,-0.00543457,0.009177205,-0.01654442,0.03372191,-0.01233157,-0.2686624,-0.6247513,-0.04165027,42.24867,356.2442,349.2316,
3688.959,0.003265602,-0.0008579174,0.00254083,-0.004558502,0.01711269,-0.002125351,-0.08933845,-0.477614,-0.8216299,279.048,163.7108,197.4023,-0.0001288342,-0.0001845339,-5.12603E-05,-0.007786436,0.004539073,0.008989402,0.2744349,-0.6415359,0.665305,19.83568,337.3362,316.17,-0.0009961479,-0.002521698,0.007315734,-0.008808985,0.004198974,0.007563451,-0.2683537,-0.6246171,-0.04240789,42.24898,356.2353,349.2214,
3701.151,0.003818807,-0.0008473675,0.004276468,-0.01817229,0.01684465,-0.0132522,-0.08927049,-0.4776088,-0.8215197,279.0018,163.4725,197.5996,-0.0002620829,-0.0001624036,-0.0001191179,-0.006750145,0.006130518,0.01134419,0.2744379,-0.6415353,0.6653072,19.83742,337.3294,316.1601,0.001838803,0.00145862,0.004606987,0.00715252,-0.01951801,0.02342487,-0.2680109,-0.6243969,-0.04338297,42.24141,356.2132,349.1938,
3716.027,0.004438847,-0.0006367047,0.005921931,-0.02978867,0.01851193,-0.01382663,-0.0891929,-0.4775898,-0.8213891,278.9681,163.297,197.777,-1.022417E-05,-2.528388E-06,-4.911316E-06,-0.0123188,0.0007427284,0.01551741,0.2744431,-0.6415344,0.6653098,19.83938,337.3248,316.1419,0.004452786,0.003498115,0.001616656,0.00769316,-0.03484564,0.03702916,-0.2676179,-0.6241469,-0.04435854,42.22818,356.1682,349.1295,
3730.995,0.005413415,-0.000484138,0.007090938,-0.0295826,0.02443809,-0.008894063,-0.08909285,-0.4775775,-0.8212382,278.9556,163.0446,198.0441,7.067081E-05,-2.671486E-05,3.702294E-05,-0.02065174,0.0002690464,0.02344774,0.2744499,-0.6415333,0.6653133,19.84142,337.3147,316.1159,0.005940742,0.0036337,-0.0001448105,0.005727516,-0.03296268,0.03256386,-0.2673873,-0.6239808,-0.0449794,42.21817,356.1342,349.076,
3745.058,0.005964147,-0.0003597979,0.007312741,-0.03136609,0.03221158,-0.005620917,-0.08899949,-0.4775611,-0.8211101,278.938,162.7546,198.3463,0.0001265412,0.0001558827,5.212148E-05,-0.02027644,-0.002853092,0.02537956,0.2744593,-0.6415316,0.6653173,19.84112,337.3036,316.0871,0.006123841,0.002610569,-0.001474962,0.002675012,-0.02685781,0.0252536,-0.2672508,-0.6238706,-0.0453937,42.21273,356.1099,349.0381,
3757.07,0.00581615,-0.0004180119,0.006383952,-0.03243193,0.0291393,-0.01249625,-0.08892439,-0.4775528,-0.8210395,278.9174,162.6568,198.4134,-0.0001093481,-0.0001174549,-4.623399E-05,-0.01465147,0.003732839,0.0184457,0.2744668,-0.6415303,0.6653211,19.84324,337.2976,316.0681,0.00570609,0.001327107,-0.002586638,-0.0002513235,-0.01256408,0.01422574,-0.2671633,-0.6237966,-0.04572302,42.21128,356.0986,349.0224,
3772.048,0.004475702,-0.0002710964,0.004151732,-0.01956452,0.02228495,-0.02927497,-0.08889677,-0.4775389,-0.8210538,278.9415,162.5688,198.447,5.877205E-06,-0.0001163221,1.100947E-05,-0.01227495,0.001952379,0.0127484,0.2744713,-0.6415296,0.6653243,19.84652,337.2917,316.0546,0.005152638,0.000227179,-0.002808189,-0.002568712,0.003712477,0.002762653,-0.2671625,-0.6237977,-0.04578825,42.21298,356.0965,349.0229,
3786.403,0.003682673,-0.0006775131,0.001317602,-0.005059866,0.01058038,-0.03569232,-0.08886677,-0.477545,-0.8211249,278.9666,162.6031,198.3678,0.0001251396,0.0002281668,4.638528E-05,-0.002736748,-0.004556081,0.005070492,0.2744743,-0.6415291,0.6653245,19.84366,337.2886,316.0487,0.004762978,-0.0003240642,-0.002810486,-0.002617202,0.01283178,-0.007562351,-0.2671542,-0.623805,-0.04586983,42.2182,356.101,349.0337,
3799.525,0.002523052,-0.0007058197,-0.001446938,0.01916325,0.002290222,-0.03963763,-0.08887623,-0.4775228,-0.8212213,279.0341,162.6638,198.2788,-1.308261E-05,0.0005243119,-4.305743E-05,0.000131219,-0.00644405,0.01087759,0.2744769,-0.6415284,0.6653233,19.83682,337.2848,316.043,0.004242348,-0.0004910456,-0.002348117,-0.002273834,0.01446633,-0.01005515,-0.2671905,-0.6238385,-0.04584391,42.22366,356.1102,349.0505,
3813.925,0.001549059,-0.0003496336,-0.00310731,0.03166763,-0.002179007,-0.03703823,-0.08889265,-0.4774884,-0.8213066,279.0646,162.754,198.1654,-2.709721E-05,0.0007284445,-6.44133E-05,-0.003374166,-0.008653665,0.01975584,0.2744824,-0.6415273,0.6653216,19.8269,337.2821,316.0286,0.004361921,-0.0007350501,-0.002049442,-0.003622963,0.018337,-0.01495632,-0.2672041,-0.6238708,-0.04580322,42.22871,356.1241,349.0757,
3827.273,0.0001727818,-0.0002646451,-0.004822126,0.02393562,-0.004322965,-0.03093849,-0.08893615,-0.4774871,-0.8214266,279.0528,162.7858,198.1216,9.32441E-05,0.0004557282,1.444567E-05,-0.002829269,-0.006962028,0.0106102,0.2744879,-0.6415262,0.66532,19.81888,337.2781,316.0182,0.004169099,-0.0003249445,-0.002058222,-0.0009863211,0.01971718,-0.01547637,-0.2671761,-0.6238605,-0.04594333,42.23133,356.1386,349.1007,
3840.865,-0.001456996,-0.001194929,-0.00703829,-0.002023818,-0.008563282,-0.02447445,-0.08900957,-0.4775344,-0.8215939,278.9905,162.7079,198.1892,-6.736698E-06,-0.0002038097,1.093647E-05,0.003397508,0.002508629,-0.008238662,0.2744873,-0.6415262,0.665319,19.81815,337.2777,316.0224,0.003714679,0.0002369798,-0.002745172,0.00368541,0.02049873,-0.01607898,-0.2671215,-0.623807,-0.04626022,42.23065,356.1533,349.1262,
3856.163,-0.003870811,-0.00318508,-0.009958104,-0.04379638,-0.01217932,-0.02291101,-0.08914044,-0.4776424,-0.8218204,278.8577,162.5662,198.3055,-0.0001188205,-0.000568942,-1.929187E-05,0.002658153,0.008768682,-0.01209964,0.2744835,-0.641527,0.6653189,19.82272,337.2793,316.0324,0.002420723,0.0006618482,-0.003371081,0.01262064,0.03646807,-0.02427477,-0.267141,-0.6237531,-0.04657802,42.22649,356.1817,349.1846,
3870.185,-0.007132247,-0.005909398,-0.01130976,-0.0998783,-0.02025168,-0.01253629,-0.0893425,-0.4778128,-0.8220133,278.662,162.5111,198.3647,-1.338179E-05,-0.001344926,8.701479E-05,-0.005830862,0.01746367,-0.01994169,0.274478,-0.6415282,0.6653231,19.84024,337.2869,316.0443,0.0001314846,0.0001477029,-0.001686328,0.01371131,0.05647358,-0.03462876,-0.2673965,-0.6238283,-0.04620482,42.22667,356.2168,349.2636,
3883.964,-0.01023537,-0.006492889,-0.007685772,-0.1562817,-0.02997305,0.008274126,-0.0895827,-0.4779259,-0.8220003,278.4224,162.4761,198.4541,-0.0003013174,-0.00162005,-3.77945E-05,-0.007496994,0.02516606,-0.01657727,0.2744725,-0.6415296,0.6653286,19.86233,337.285,316.0511,-0.002339494,-0.0001938788,-0.0002181075,0.01591383,0.08045741,-0.04585887,-0.2677018,-0.623905,-0.04582658,42.2256,356.2695,349.3893,
3896.207,-0.01303813,-0.005018235,0.002087226,-0.236184,-0.03600808,0.04324589,-0.08984464,-0.4779417,-0.8216648,278.074,162.2519,198.7795,-0.0003728853,-0.001688932,-6.954826E-05,-0.007920573,0.02709434,-0.01572802,0.2744661,-0.6415313,0.6653366,19.88809,337.2831,316.0587,-0.003762922,6.721378E-05,-2.584851E-05,0.0240189,0.09321085,-0.04905391,-0.2678469,-0.6239154,-0.04577212,42.21727,356.3155,349.5129,
3911.637,-0.0147522,-0.003271827,0.01255027,-0.2964938,-0.04041804,0.07027038,-0.09009436,-0.4779232,-0.8211609,277.7432,162.0249,199.0961,-0.0002878949,-0.001369945,-4.964076E-05,-0.009096982,0.02188951,-0.009780826,0.2744615,-0.6415325,0.6653422,19.90442,337.2801,316.0624,-0.004309914,-4.410795E-05,-0.0005455702,0.02299014,0.1082009,-0.06474698,-0.2680082,-0.6239085,-0.045817,42.2146,356.3971,349.6893,
3926.117,-0.01607341,-0.002242796,0.02012851,-0.3191512,-0.04568865,0.08242166,-0.09038353,-0.4779179,-0.8204275,277.4673,161.9999,199.1808,-9.716169E-05,-0.001826874,7.560033E-05,-0.01876087,0.02537451,-0.01167058,0.2744589,-0.6415335,0.665351,19.93156,337.2795,316.0588,-0.00610614,-0.0008640509,-0.001247139,0.02159677,0.1193452,-0.06678165,-0.2682147,-0.6239404,-0.04583112,42.21475,356.4644,349.8599,
3938.123,-0.01717171,-0.001894146,0.02290268,-0.306554,-0.05534117,0.07586706,-0.09065217,-0.4779309,-0.8202578,277.2633,162.0986,199.0912,-0.0001067742,-0.002531419,0.0001167099,-0.01207144,0.03420144,-0.03407945,0.2744511,-0.6415355,0.6653602,19.97068,337.2832,316.0761,-0.007311363,-0.002113372,-0.0009299476,0.022396,0.1324729,-0.07799263,-0.2685283,-0.6240496,-0.04565944,42.21577,356.5544,350.0609,
3953.567,-0.01906603,-0.00217276,0.0202316,-0.2765638,-0.06823128,0.03577809,-0.0910255,-0.477949,-0.8202543,277.1019,162.2419,198.8689,0.0001813978,-0.003216718,0.0003025343,-0.02659282,0.03942157,-0.03690711,0.274438,-0.6415389,0.6653753,20.02749,337.293,316.0921,-0.007545029,-0.004520923,-0.0003638861,0.01418521,0.140807,-0.1025762,-0.2689026,-0.6241995,-0.04545297,42.23335,356.7071,350.3227,
3967.92,-0.02099335,-0.001659854,0.01576306,-0.2127458,-0.09105394,-0.00811505,-0.09139845,-0.4778828,-0.8202164,277.0561,162.8867,198.1149,-8.684071E-05,-0.003515609,0.0001850929,-0.03174158,0.04728518,-0.03015132,0.2744282,-0.6415418,0.6653918,20.08045,337.2967,316.0968,-0.006939847,-0.007552898,0.0002342152,-0.003620705,0.1447667,-0.1169619,-0.2691693,-0.6243357,-0.04532959,42.27453,356.8629,350.5786,
3980.551,-0.02240661,-0.0005019261,0.01048048,-0.1363504,-0.1159275,-0.0357675,-0.09169281,-0.4778171,-0.8202603,277.0634,163.9581,196.9527,-8.543402E-05,-0.003515784,0.000182344,-0.03175915,0.04729702,-0.03011425,0.2744194,-0.6415445,0.665409,20.13063,337.2978,316.1009,-0.007352304,-0.008340425,0.001518448,-0.01010988,0.1275153,-0.1002069,-0.2692961,-0.6243843,-0.04526106,42.29981,356.9176,350.6797,
3994.641,-0.02313757,0.002171445,0.005345956,-0.04390411,-0.1329028,-0.04609326,-0.09201713,-0.4776267,-0.8203446,277.1827,165.1205,195.7253,-0.0001479967,-0.003605319,0.0001536484,-0.02337611,0.04909668,-0.04073642,0.27441,-0.6415472,0.665423,20.17705,337.3036,316.1172,-0.007471037,-0.00736,0.00330116,-0.01264215,0.09932434,-0.07736857,-0.2694339,-0.6244056,-0.04511875,42.31323,356.9344,350.7094,
4008.946,-0.02296271,0.005195756,-0.0007071472,0.03995349,-0.1355979,-0.02690051,-0.09229936,-0.4774393,-0.8205655,277.3329,166.2129,194.6596,-7.821214E-05,-0.005217552,0.0002788593,-0.0114743,0.06869138,-0.08964915,0.2743855,-0.6415532,0.6654425,20.28692,337.3393,316.2046,-0.006765927,-0.004570756,0.005694308,-0.00822132,0.07186076,-0.05304177,-0.2695965,-0.6244625,-0.04481114,42.31749,356.942,350.7274,
4023.031,-0.02206403,0.007330487,-0.007349765,0.122914,-0.1307139,0.007914868,-0.09253226,-0.4773159,-0.8208086,277.54,167.4167,193.5089,-0.0002965199,-0.006644224,0.0002398918,0.0056665,0.09026432,-0.1343131,0.2743518,-0.6415609,0.6654586,20.42137,337.3965,316.3602,-0.005667984,-0.001378319,0.006950823,-0.007476656,0.03892233,-0.02741114,-0.269762,-0.6245095,-0.04451091,42.32051,356.9411,350.727,
4035.54,-0.02148031,0.00844353,-0.01119575,0.168902,-0.125694,0.02582023,-0.09280163,-0.4771584,-0.8209192,277.7076,168.4694,192.4853,-0.0003957428,-0.008293525,0.0002562789,0.01764081,0.1138368,-0.1798332,0.2742966,-0.6415735,0.6654788,20.60949,337.4833,316.6003,-0.003633659,0.001811856,0.007042294,0.00294104,0.00949106,-0.005268083,-0.2697973,-0.6244788,-0.04445459,42.31303,356.9377,350.7227,
4050.925,-0.02098825,0.01026752,-0.0105203,0.1670757,-0.1185998,0.0395112,-0.09310476,-0.4768401,-0.8207168,277.7851,169.2117,191.7781,-0.0004250806,-0.01050248,0.0003089214,0.02189225,0.1448796,-0.2286925,0.2742258,-0.6415895,0.665503,20.87141,337.6036,316.9212,-0.0006924565,0.003359035,0.006281644,0.001273006,-0.01324301,0.001386176,-0.2698154,-0.6244228,-0.04437122,42.30912,356.9375,350.716,
4064.946,-0.01958701,0.01542632,-0.0006200531,0.09501413,-0.1138982,0.04674042,-0.09331445,-0.4763002,-0.8200081,277.6501,169.7511,191.261,-0.0006352066,-0.01165841,0.0002091499,0.02032561,0.1646212,-0.2445416,0.2741428,-0.6416087,0.6655321,21.09869,337.6873,317.1751,0.002522287,0.003812043,0.005568241,-0.001498387,-0.03998021,0.008893713,-0.2697699,-0.6243464,-0.04428388,42.30452,356.9327,350.678,
4078.042,-0.01758178,0.02233621,0.01446494,-0.05540367,-0.09044918,0.07213932,-0.093486,-0.4756483,-0.8189595,277.2224,169.4622,191.6782,-0.0005802827,-0.01160969,0.0002010617,0.0006677108,0.1634937,-0.2201942,0.2740628,-0.641628,0.6655653,21.22985,337.7112,317.2464,0.005748105,0.004010973,0.004416194,-0.01934676,-0.07533588,0.031978,-0.2695995,-0.62424,-0.04419284,42.31407,356.8922,350.5583,
4092.728,-0.01334477,0.0279755,0.03938618,-0.3610087,-0.03722784,0.2016596,-0.09350699,-0.4753431,-0.8177536,276.2983,168.2881,193.3247,-0.0002849831,-0.01139783,0.0003077126,-0.02435236,0.1564694,-0.1918862,0.2739843,-0.6416479,0.6656073,21.3539,337.7318,317.2812,0.009108614,0.006630186,0.00407946,-0.0250562,-0.1211296,0.0519282,-0.269279,-0.6239945,-0.04411111,42.3222,356.8165,350.3298,
4106.912,-0.008931524,0.0294689,0.05672809,-0.614408,0.005323116,0.3572202,-0.09334812,-0.4751288,-0.8165028,275.3419,166.5772,195.6252,-0.0001965098,-0.01131201,0.0003140716,-0.03315476,0.1544472,-0.181074,0.2739227,-0.6416642,0.6656477,21.50031,337.7655,317.3654,0.01241256,0.01435274,0.004509145,0.0005129896,-0.1359714,0.03361589,-0.2690656,-0.6235663,-0.04403327,42.27738,356.8065,350.1702,
4120.221,-0.004884601,0.03254731,0.08266013,-0.8525248,0.01555125,0.3628049,-0.09327164,-0.4742683,-0.8139583,274.315,163.6535,198.6318,-0.0002337915,-0.01088767,0.0002511506,-0.03703617,0.1495242,-0.1665888,0.2738641,-0.6416801,0.6656883,21.62734,337.791,317.4385,0.009918191,0.0263017,0.009589447,0.07798734,-0.0751532,-0.05064655,-0.2693329,-0.6229993,-0.04386993,42.12612,356.9835,350.3279,
4134.343,-0.0007624328,0.03598316,0.1054458,-1.124532,0.01896537,0.2516818,-0.09314276,-0.473842,-0.8122766,272.9468,154.8199,207.3373,-0.0002903449,-0.01002519,0.0001713303,-0.02447324,0.1394868,-0.1627556,0.2738083,-0.6416954,0.6657249,21.73304,337.825,317.5418,0.000963642,0.03651647,0.01784675,0.1606674,0.06352793,-0.1840324,-0.2699022,-0.6220493,-0.04373325,41.80512,357.5164,351.0343,
4148.086,0.005128311,0.04133716,0.119001,-1.339871,0.07852122,0.1982655,-0.09291488,-0.4729482,-0.8110561,271.9188,131.5506,230.7107,-0.0003411207,-0.007758106,6.979619E-05,-0.01724382,0.1095547,-0.1250211,0.2737594,-0.6417088,0.6657553,21.75017,337.826,317.5556,-0.008727528,0.04083076,0.02480872,0.1870562,0.2411583,-0.3374897,-0.2706317,-0.6214628,-0.04373442,41.64876,358.1803,352.0891,
4161.62,0.009505043,0.05674542,0.1212013,-1.277043,0.1410186,0.2018368,-0.09277056,-0.4711503,-0.8096415,271.7416,111.6473,250.8039,-0.0004178914,-0.004527678,-6.766476E-05,-0.005548535,0.06701703,-0.07317241,0.2737258,-0.641718,0.665775,21.72917,337.8159,317.5433,-0.01608492,0.03617997,0.0234823,0.1002278,0.3693306,-0.405329,-0.2712332,-0.6210696,-0.04372589,41.76158,358.718,353.0232,
4176.288,0.008889021,0.08133104,0.1141877,-1.090794,0.1283037,0.1685284,-0.09280443,-0.4686093,-0.8084902,271.6358,97.29171,265.1663,-1.430469E-05,-0.0004521539,7.07866E-06,0.0175398,0.007204182,-0.02930645,0.2737094,-0.6417221,0.6657801,21.70347,337.8197,317.5447,-0.01788392,0.03829599,0.01456714,0.05560682,0.4921361,-0.4952046,-0.2719103,-0.620276,-0.04395631,41.83367,359.3725,354.125,
4189.859,0.00379209,0.1168322,0.1004274,-0.9173347,0.04080209,0.1043431,-0.09305161,-0.4653981,-0.8076448,271.4492,81.2641,281.1068,0.0001293932,0.00279886,-2.60045E-05,0.04702783,-0.03749131,-0.003255724,0.2737055,-0.6417221,0.6657674,21.65357,337.8307,317.5714,-0.002502566,0.05973806,0.005192738,0.1771995,0.7617019,-0.8804393,-0.2724519,-0.6189342,-0.04455333,41.40534,1.009528,356.5007,
4203.99,-0.003732378,0.1631331,0.09012586,-0.837939,-0.09458703,0.08904073,-0.09318408,-0.4610897,-0.8061456,271.3303,52.59611,309.8441,-0.0002066071,0.004690696,-0.0002630551,0.07721084,-0.05716404,0.006257527,0.273705,-0.6417206,0.6657431,21.55781,337.8394,317.6128,0.02395435,0.08418779,0.001811812,0.2907743,0.9633731,-1.312157,-0.272727,-0.6173835,-0.04470911,40.7099,3.13112,359.2977,
4216.276,-0.01100991,0.2121881,0.090061,-1.010075,-0.2467297,0.09307155,-0.09340701,-0.4567209,-0.8043797,272.2878,14.69846,347.805,3.503219E-05,0.005866537,-0.0001942414,0.09090568,-0.0756907,0.007918504,0.2737052,-0.6417184,0.6657141,21.45168,337.8546,317.6551,0.04020328,0.1013812,0.007474643,0.2994729,0.9744799,-1.523207,-0.2731282,-0.6158719,-0.04442627,40.12014,4.972544,1.513186,
4231.75,-0.01727718,0.2660029,0.112199,-1.267432,-0.3727559,0.08239793,-0.09364137,-0.4511833,-0.8013069,273.7682,1.405839,1.125703,0.0005221579,0.006543245,9.471813E-06,0.0877665,-0.09150888,0.01410001,0.2737075,-0.641715,0.6656721,21.3329,337.8796,317.6876,0.03396085,0.1259765,0.01596734,0.2869953,0.9017876,-1.499546,-0.2738448,-0.6131948,-0.04566757,39.62238,6.262373,3.08348,
4245.702,-0.01869307,0.3270679,0.1613196,-1.458368,-0.435709,0.07315317,-0.09362447,-0.444986,-0.7966204,275.221,357.164,5.420636,0.0006455713,0.006383481,6.553934E-05,0.075808,-0.09145957,0.02248368,0.273715,-0.6417105,0.6656315,21.23946,337.8935,317.6974,0.004567678,0.1542201,0.01655669,0.357051,0.8156849,-1.235833,-0.274921,-0.6100377,-0.04737554,39.0655,6.659836,3.860906,
4258.003,-0.01528598,0.3697968,0.2103054,-1.782664,-0.4129421,0.05168198,-0.09349784,-0.438899,-0.7919284,277.4429,356.6841,5.887497,0.0006059527,0.005764345,6.257537E-05,0.07127142,-0.08280428,0.01652687,0.2737221,-0.6417067,0.6655993,21.16787,337.9073,317.7152,-0.03454451,0.1920938,0.01200194,0.513822,0.7276826,-0.8772386,-0.2762188,-0.6063178,-0.04924546,38.32776,6.375171,3.998859,
4273.155,-0.007794224,0.4110084,0.2684737,-2.216411,-0.3178649,0.06242533,-0.09326169,-0.4322304,-0.7868512,280.0333,357.6571,4.926612,0.0003928488,0.005300564,-3.079322E-05,0.07109994,-0.07370668,0.01240866,0.2737264,-0.641704,0.6655723,21.1051,337.9192,317.7364,-0.06769053,0.2389495,0.00591318,0.7215143,0.6739927,-0.6022683,-0.2777104,-0.6023254,-0.05004525,37.33065,5.944931,4.007798,
4287.078,-2.066791E-05,0.4498174,0.3157047,-2.47593,-0.2438035,0.1292593,-0.0930749,-0.4246413,-0.7814092,282.3346,358.1739,4.562027,0.0004486827,0.004385392,3.135148E-05,0.05614778,-0.06276296,0.01071041,0.2737309,-0.6417009,0.6655409,21.04945,337.9268,317.7497,-0.07875656,0.2738333,0.001316074,0.8457203,0.626246,-0.4736491,-0.2788372,-0.5983109,-0.0504526,36.35316,5.786003,4.205537,
4300.006,0.005992457,0.4921843,0.3604403,-2.584992,-0.2203232,0.214296,-0.09289908,-0.4163761,-0.774654,284.4836,358.4097,4.585636,7.586033E-05,0.00286747,-8.929421E-05,0.05734651,-0.0375502,-0.01276449,0.2737299,-0.6417,0.6655219,21.02332,337.938,317.7825,-0.07061722,0.2933713,0.01033436,0.8382776,0.4697588,-0.3975481,-0.2793425,-0.5942253,-0.04985618,35.67171,5.838045,4.252126,
4315.767,0.01127526,0.5340581,0.406938,-2.745745,-0.1786911,0.2304935,-0.09270796,-0.4079858,-0.7676627,287.0161,358.8335,4.190413,-0.0001327439,0.0001739956,-7.379393E-05,0.06903686,0.001144653,-0.07657491,0.2737105,-0.6417033,0.6655023,21.01386,337.986,317.9093,-0.04865413,0.316009,0.03389692,0.7904681,0.2707561,-0.4478222,-0.2798388,-0.5891328,-0.04869543,35.09675,6.333169,4.411621,
4330.093,0.01642689,0.5663769,0.4507405,-2.889985,-0.1102621,0.2467457,-0.09243551,-0.3993103,-0.7597591,289.5869,359.495,3.576351,-0.000363076,-0.001450328,-0.0001171162,0.07264487,0.02600785,-0.1085973,0.273676,-0.6417106,0.6654903,21.04134,338.0404,318.0636,-0.04879777,0.3808527,0.0672312,0.8997483,0.2453402,-0.4835091,-0.2817025,-0.5816022,-0.0475443,34.10464,6.669762,4.724631,
4343.768,0.02383018,0.5965164,0.5069466,-3.028897,-0.0707333,0.3371682,-0.0920175,-0.3904238,-0.7506182,292.2449,0.1714586,3.165945,-0.002162743,-0.003898053,-0.0009146786,0.06426755,0.08337609,-0.1064658,0.2736334,-0.6417204,0.665486,21.12561,338.0231,318.1901,-0.07707979,0.4459906,0.08499923,1.081103,0.1632564,-0.2167554,-0.2836171,-0.573983,-0.04665102,32.98415,6.159477,4.134429,
4355.872,0.03001114,0.61748,0.5639972,-3.156565,-0.08700121,0.4151075,-0.09148242,-0.3815344,-0.7408334,295.0217,0.5540148,3.028811,-0.0008089301,-0.005074192,-0.0001988673,0.04861797,0.08008946,-0.1425779,0.2735918,-0.6417304,0.6654891,21.21441,338.0923,318.3466,-0.1119292,0.524958,0.09865011,1.334085,-0.03633177,0.2407018,-0.2851609,-0.5653938,-0.04573089,31.6524,5.018103,2.542537,
4371.465,0.0343748,0.6347592,0.6170013,-3.269284,-0.07295826,0.4274663,-0.0909455,-0.3720922,-0.7305849,297.8431,0.897433,2.753754,-0.001895095,-0.004916171,-0.0007561633,0.07134594,0.09422527,-0.1414184,0.2735293,-0.6417457,0.6654927,21.2865,338.1076,318.5285,-0.1235957,0.593933,0.109193,1.469076,-0.2072924,0.5734376,-0.2860072,-0.5562522,-0.04445313,30.38281,3.990216,0.9614096,
4385.527,0.03925394,0.658947,0.6753981,-3.307045,-0.003824938,0.4110177,-0.0904562,-0.3619444,-0.7195763,300.4765,1.301333,2.307813,-0.0020719,-0.003925243,-0.0008867395,0.08028364,0.08400532,-0.1278094,0.2734834,-0.6417569,0.6654916,21.30943,338.1186,318.6346,-0.1093006,0.6512548,0.1246818,1.520353,-0.3831714,0.7665877,-0.2863617,-0.5465091,-0.0426351,29.20161,3.242748,359.4715,
4397.561,0.04411465,0.6819292,0.7213956,-3.294452,0.0442867,0.4152485,-0.08979537,-0.3518099,-0.7080864,303.0509,1.665939,1.970528,-0.001775842,-0.001591047,-0.0008284519,0.08569615,0.04907009,-0.09363741,0.2734386,-0.6417673,0.6654835,21.28171,338.1243,318.6829,-0.09185977,0.7046568,0.1464779,1.564676,-0.4660642,0.8812021,-0.2867755,-0.5361401,-0.04037539,27.95711,2.561312,358.1512,
4412.62,0.04954734,0.697328,0.7650572,-3.329945,0.053611,0.4606977,-0.08900875,-0.3422802,-0.6962556,305.8639,2.032375,1.742929,-0.0009811351,0.000995514,-0.0005307651,0.07174776,0.003190644,-0.04269401,0.2734078,-0.6417739,0.6654661,21.24267,338.1246,318.6868,-0.07826477,0.7500402,0.167252,1.631714,-0.4903625,0.9071718,-0.2871645,-0.525551,-0.03797451,26.57697,2.019351,357.0591,
4427.015,0.05682281,0.6943429,0.8109769,-3.39624,0.01569579,0.5254576,-0.08795623,-0.3336027,-0.6836665,308.7527,2.39378,1.619223,0.0008267177,-0.0006818698,0.0004407709,0.02136737,-0.001731249,-0.05785948,0.2733888,-0.6417779,0.6654536,21.24644,338.1655,318.7276,-0.06001243,0.7957161,0.1886886,1.697972,-0.4850394,0.8983232,-0.2869226,-0.5144044,-0.03535108,25.11614,1.550733,356.1147,
4440.484,0.0663504,0.6784449,0.8584298,-3.406782,-0.0002946965,0.5786154,-0.0866432,-0.324765,-0.6700611,311.4792,2.798049,1.394555,0.0003434996,-0.001990657,0.0002481602,-0.005757732,0.02126951,-0.04127828,0.2733763,-0.6417812,0.6654565,21.27163,338.1761,318.7442,-0.0231852,0.8236418,0.2051142,1.643203,-0.5516255,0.8843005,-0.2853941,-0.5032816,-0.03241866,23.91817,1.264818,355.1357,
4454.836,0.07648087,0.6684803,0.9108332,-3.315187,0.0492112,0.6289223,-0.08533467,-0.3153169,-0.6557009,313.9048,3.309551,0.9425854,-0.0009534825,-0.001696452,-0.0004145534,-0.02397921,0.03474046,0.01559077,0.2733704,-0.6417832,0.6654661,21.30001,338.1581,318.731,0.03413253,0.842697,0.2233942,1.502759,-0.6997332,0.8620447,-0.282818,-0.4916196,-0.02885976,22.98159,1.232935,354.0851,
4468.673,0.08384684,0.6663316,0.9496213,-3.244643,0.1139998,0.6829559,-0.08411415,-0.3060436,-0.6418922,316.4662,3.788975,0.4653914,0.0001731668,0.001278376,3.855234E-05,-0.04386012,-0.02096633,0.0738047,0.2733856,-0.64178,0.6654752,21.29009,338.1169,318.6293,0.09011422,0.8730848,0.2527827,1.431069,-0.8480734,0.8510002,-0.2802538,-0.4790683,-0.02458364,21.95746,1.308388,352.982,
4481.995,0.08824041,0.6553348,0.9661476,-3.300351,0.1536067,0.7581216,-0.08285612,-0.2979858,-0.629131,319.4141,4.242357,0.06559575,0.001620927,0.006123226,0.0005606873,-0.06503205,-0.1047352,0.1642003,0.2734316,-0.6417685,0.6654727,21.10512,338.047,318.2942,0.1270968,0.9099283,0.2870633,1.45268,-0.868816,0.9824855,-0.2771783,-0.4663789,-0.01997361,20.72856,0.9546359,351.6669,
4495.874,0.09259667,0.6268868,0.9648992,-3.438866,0.1502124,0.8259834,-0.08137867,-0.2906259,-0.6164031,322.5446,4.620221,359.797,0.001195101,0.005656394,0.0003560533,-0.1164579,-0.092822,0.2250021,0.2735071,-0.6417499,0.6654724,21.01166,337.8892,317.8525,0.1686143,0.9298579,0.3159746,1.345382,-0.8878649,1.121515,-0.2728454,-0.4537447,-0.01570278,19.80089,0.5674822,350.2401,
4510.326,0.09978041,0.5958758,0.9678607,-3.454647,0.09648997,0.8683845,-0.07945047,-0.2834269,-0.6025338,325.3121,4.996813,359.657,-0.001036855,-0.001864049,-0.0004494027,-0.1517058,0.03510234,0.1657052,0.2735766,-0.6417347,0.6654978,21.24743,337.7876,317.7905,0.2247521,0.9334553,0.3351098,1.12579,-0.9308568,1.105857,-0.2673738,-0.4407741,-0.01254,19.22465,0.5305771,349.0861,
4524.348,0.1114622,0.5628649,0.9829108,-3.315082,0.04623895,0.939497,-0.07742433,-0.2764672,-0.5879918,327.6651,5.592469,359.3306,-0.001772348,-0.004466618,-0.0007297789,-0.1580063,0.07925747,0.1375295,0.2736196,-0.6417271,0.6655418,21.38989,337.6859,317.6699,0.2875,0.9288895,0.3495084,0.8334091,-1.039174,1.069313,-0.2614197,-0.427586,-0.009022322,18.97722,0.7802937,347.9276,
4536.619,0.1198252,0.5385829,0.9930311,-3.169376,0.06307278,1.048654,-0.07568993,-0.2697099,-0.5740677,330.0827,6.277078,358.7431,0.0007565344,-0.003703888,0.0005159118,-0.1930297,0.0331842,0.1365679,0.2736707,-0.6417181,0.6655904,21.44981,337.6664,317.4117,0.3250793,0.9342012,0.3687063,0.6677328,-1.083865,1.112295,-0.2561969,-0.4145055,-0.003451705,18.65259,0.8574597,346.6291,
4551.636,0.1252483,0.5153376,0.987837,-3.128363,0.1033533,1.174173,-0.07401955,-0.2632162,-0.5612525,332.8115,6.865983,358.1394,0.001307827,-0.005523392,0.0008465143,-0.1997025,0.04940661,0.09607287,0.2737168,-0.6417108,0.6656438,21.57267,337.6632,317.3072,0.3496882,0.9620298,0.3963728,0.6437804,-1.056204,1.099824,-0.2510295,-0.4004702,0.002726566,18.09332,0.856832,345.5002,
4566.015,0.125799,0.4922611,0.9615436,-3.239601,0.09509908,1.261677,-0.07249276,-0.2570097,-0.5497035,335.9232,7.307938,357.8089,0.0007756111,-0.01329702,0.0007251261,-0.2501526,0.1595822,0.01509338,0.2737483,-0.6417093,0.6657262,22.06704,337.6193,317.1513,0.3598325,0.9834828,0.4119161,0.6542081,-0.9576631,1.016556,-0.2456426,-0.3869772,0.008390617,17.46936,0.8108666,344.6548,
4578.785,0.1234976,0.4713941,0.9240555,-3.389711,0.04504842,1.264535,-0.07085986,-0.2511505,-0.5387522,339.0935,7.5956,357.7438,0.001378816,-0.02141706,0.0009761231,-0.2912993,0.2625747,-0.1071176,0.2737399,-0.6417191,0.6658339,22.70732,337.7033,317.2287,0.3750276,0.9834253,0.4113171,0.594628,-0.9054786,0.9651523,-0.2396947,-0.3743518,0.0135076,17.01551,0.8321927,343.7919,
4593.416,0.1210734,0.4504454,0.8805317,-3.491397,-0.02894185,1.180846,-0.06906454,-0.2452215,-0.5275764,342.0725,7.786956,357.9032,0.001118084,-0.027634,0.0006061946,-0.2993647,0.3563218,-0.2091419,0.273699,-0.6417377,0.6659479,23.32479,337.7886,317.4365,0.412506,0.9595413,0.3963597,0.4165366,-0.8980885,1.008324,-0.2322759,-0.3623007,0.01816839,16.93403,0.8811835,342.694,
4606.964,0.1186716,0.4380481,0.854579,-3.373497,-0.06843422,1.122571,-0.06744321,-0.2394597,-0.5159544,344.4243,8.123294,357.8347,0.0007826574,-0.03360264,-6.740185E-06,-0.307029,0.4516021,-0.3022346,0.2736101,-0.6417716,0.6661006,24.03303,337.8847,317.7284,0.4566572,0.928555,0.3753989,0.2518889,-0.9657073,1.170797,-0.2245322,-0.3504212,0.02262039,16.92571,0.9107911,341.1534,
4618.8,0.1152906,0.436998,0.8339309,-3.142406,-0.002236411,1.172425,-0.06604376,-0.2327169,-0.5048982,346.6732,8.441353,357.2561,0.002829784,-0.0367615,0.0005040269,-0.3551326,0.4720642,-0.34885,0.2735039,-0.6418128,0.6662689,24.68461,338.054,317.8768,0.4843887,0.9202355,0.3568983,0.2718823,-0.9975377,1.230175,-0.2173685,-0.3378537,0.0266542,16.52518,0.916697,339.7786,
4633.438,0.1100694,0.4497541,0.8111153,-2.914996,0.1167726,1.294238,-0.06491853,-0.2252968,-0.4946864,348.8605,8.652629,356.455,0.005692826,-0.04313787,0.001031084,-0.4065332,0.5365354,-0.4688761,0.2733783,-0.641863,0.6664598,25.53562,338.3889,318.2416,0.4984342,0.9262432,0.339501,0.367673,-1.018425,1.168991,-0.2100025,-0.3252232,0.02950811,15.85025,1.032648,338.7171,
4647.491,0.1015856,0.4752946,0.7788352,-2.675275,0.2091143,1.373478,-0.06399978,-0.2172917,-0.4853766,350.8219,8.752927,355.7761,0.006337007,-0.05444509,-0.0003823795,-0.4460692,0.7207519,-0.637087,0.2732005,-0.6419328,0.6666816,26.72437,338.7316,318.9204,0.5140401,0.9264725,0.3101189,0.4641565,-1.0773,1.047471,-0.2022135,-0.3130457,0.03114671,15.02925,1.364807,337.8483,
4660.539,0.09235295,0.5030637,0.7394907,-2.434408,0.2164996,1.264158,-0.06286244,-0.2098222,-0.4762889,352.4408,8.736615,355.6355,0.004226472,-0.06725384,-0.004121815,-0.4618157,0.9862351,-0.7844052,0.2729436,-0.6420334,0.666946,28.17816,338.9702,319.8453,0.5220567,0.9104879,0.2837768,0.4674945,-1.095288,0.9754609,-0.1950412,-0.3018915,0.03354612,14.4155,1.67519,336.9632,
4675.268,0.08575234,0.5167255,0.7107886,-2.267564,0.1640325,1.059336,-0.06165314,-0.2030767,-0.4670906,354.0036,8.76306,355.7865,0.003735761,-0.07244899,-0.006626362,-0.4322399,1.124312,-0.8772864,0.2726239,-0.6421614,0.6672271,29.41201,339.2923,320.8398,0.5227398,0.8710023,0.2441553,0.3551331,-1.056072,0.8589458,-0.1883296,-0.2914493,0.03551292,14.13616,2.071441,336.3021,
4689.685,0.07723866,0.5241507,0.6805525,-2.152083,0.162774,0.9589007,-0.06078957,-0.1958332,-0.4585992,355.7461,8.796001,355.5585,0.004661215,-0.07005314,-0.007234835,-0.3895317,1.110662,-0.8848215,0.2722794,-0.6423046,0.6674994,30.32461,339.6318,321.657,0.5214889,0.8365612,0.2132759,0.20228,-1.049751,0.7264977,-0.1818319,-0.2811377,0.0375772,14.01656,2.657851,335.7708,
4703.349,0.07059041,0.5327448,0.6549328,-2.063314,0.1783035,0.9799523,-0.05997545,-0.1875653,-0.4504826,357.4359,8.823362,355.126,0.004425805,-0.06781277,-0.008290501,-0.3631262,1.104008,-0.8520892,0.2719388,-0.642453,0.6677489,31.19794,339.8904,322.3882,0.528465,0.8109548,0.1844549,0.07644944,-1.208031,0.4115523,-0.1752483,-0.2706077,0.03960906,13.69206,3.933589,335.7375,
4715.346,0.06644785,0.5466927,0.6309534,-1.8909,0.1463389,0.9192503,-0.05901216,-0.1793298,-0.4423919,358.6181,8.903031,354.9981,0.0009291675,-0.05871222,-0.00926186,-0.2616524,1.015676,-0.7127521,0.2716124,-0.6426011,0.6679722,31.69793,339.9026,322.8974,0.5438349,0.7973913,0.1731641,-0.01852803,-1.369123,0.2328286,-0.1683319,-0.2603168,0.04184376,13.31131,5.27717,335.5651,
4730.94,0.0637468,0.5613124,0.6073252,-1.675922,0.09454174,0.7769466,-0.05809817,-0.1713669,-0.4347907,359.5369,8.987099,355.0208,-0.0073981,-0.03809838,-0.009991656,-0.1736309,0.7235919,-0.2807936,0.2713716,-0.6427138,0.6681255,31.50665,339.2126,322.3293,0.5602793,0.7861114,0.1652118,-0.06046505,-1.481943,0.1646505,-0.1609237,-0.2502008,0.04401006,12.88638,6.524895,335.2486,
4744.848,0.05964889,0.5648339,0.5849804,-1.420696,0.04907057,0.6536455,-0.05747927,-0.1643271,-0.4273553,0.1887078,9.102143,354.9265,-0.003189087,-0.02469492,-0.005690614,-0.4109565,0.319832,0.05856523,0.2713086,-0.6427603,0.6682498,31.44713,338.7701,320.8685,0.5684524,0.7751154,0.1570048,-0.01506428,-1.521451,0.2958824,-0.1538734,-0.240412,0.04573618,12.42392,7.381233,334.4216,
4756.845,0.05300149,0.5498316,0.5644929,-1.180431,0.003071523,0.601508,-0.05704181,-0.1582982,-0.4198507,0.7739655,9.26084,354.6656,0.005291882,-0.03085842,-0.002798059,-0.4653301,0.3317361,-0.1572168,0.2712975,-0.6427979,0.6684175,32.1304,339.2886,321.1248,0.5514303,0.7748588,0.1407398,0.1433883,-1.427314,0.4336255,-0.1478536,-0.2298902,0.04692288,11.81362,7.718568,333.4717,
4772.256,0.04707596,0.5324128,0.551657,-1.167335,-0.01850659,0.6589204,-0.05650159,-0.1509598,-0.412221,2.114087,9.371572,354.3224,0.003340498,-0.03320086,-0.004525077,-0.1923297,0.5320716,-0.396423,0.2711907,-0.6428662,0.6685597,32.6055,339.7425,322.4616,0.5162503,0.8093191,0.1149497,0.3882463,-1.432079,0.3141901,-0.1431446,-0.2179323,0.04752387,10.63204,8.279859,333.028,
4786.056,0.04529526,0.521043,0.5508742,-1.153966,-0.04184154,0.6452253,-0.05577862,-0.1432012,-0.4042566,3.056792,9.511312,354.2286,0.0004167767,-0.03711592,-0.007156565,0.01684757,0.7631682,-0.5805239,0.2709709,-0.6429688,0.668654,33.18804,340.1434,323.988,0.4680618,0.8592407,0.09757091,0.7894146,-1.535523,0.3445058,-0.1390236,-0.205839,0.04852333,8.84511,8.68091,332.0995,
4798.66,0.04742376,0.5231922,0.5574834,-0.994284,-0.06663411,0.503436,-0.05482,-0.1353919,-0.3959897,3.354418,9.636293,354.3446,0.001708244,-0.03837563,-0.007235965,0.06053822,0.8203699,-0.6621141,0.2706842,-0.643096,0.6687263,33.72498,340.5845,325.0876,0.4100818,0.9055667,0.1002025,1.310206,-1.515131,0.6029148,-0.1350181,-0.1940566,0.05033045,6.761033,8.354026,330.4841,
4814.077,0.05095137,0.5325862,0.5661578,-0.7360649,-0.08496994,0.3259539,-0.05400627,-0.127999,-0.387781,3.286708,9.755258,354.4507,0.007052633,-0.03516063,-0.004274477,-0.07109218,0.6362276,-0.6042573,0.2704247,-0.643219,0.6688064,34.10661,340.9655,325.28,0.363369,0.929984,0.1108916,1.688708,-1.402135,0.8305113,-0.1307716,-0.1828496,0.05241586,4.780877,7.77589,328.8589,
4827.994,0.05178574,0.5279462,0.5754042,-0.4632842,-0.110493,0.2105716,-0.05341274,-0.122027,-0.3795249,3.153996,9.887527,354.3657,0.009728845,-0.03423046,-0.00314095,-0.1651303,0.5454016,-0.5591893,0.2702178,-0.6433305,0.668915,34.57532,341.2969,325.5071,0.3417166,0.9210109,0.118968,1.706739,-1.319842,0.8373782,-0.1267051,-0.1723294,0.05441236,3.296221,7.681145,327.8077,
4840.485,0.04942719,0.5073961,0.5788714,-0.3459333,-0.1255906,0.2297792,-0.05293763,-0.1163653,-0.3715716,3.424892,9.99911,354.099,0.007879357,-0.02811337,-0.002755704,-0.1373988,0.4492697,-0.4524763,0.2700434,-0.6434295,0.6690162,34.7424,341.3963,325.6794,0.3291966,0.8924887,0.1253042,1.528561,-1.266037,0.7828497,-0.1231881,-0.1622817,0.05659124,2.249521,7.937432,327.0251,
4855.609,0.04646217,0.4753202,0.5821827,-0.3809581,-0.1188156,0.3185977,-0.05242258,-0.1109362,-0.3632933,4.102224,10.06767,353.807,0.003732734,-0.0205576,-0.003012251,-0.06760678,0.3656074,-0.3159358,0.2699082,-0.643506,0.6690871,34.73282,341.3023,325.7522,0.3071145,0.847101,0.1425964,1.284811,-1.233814,0.8001486,-0.1204271,-0.1527144,0.059751,1.517399,8.387746,326.1565,
4870.39,0.04471619,0.4419773,0.5863304,-0.5084302,-0.08474911,0.3923343,-0.05184074,-0.105647,-0.3550503,4.94207,10.08777,353.6501,-0.0007618644,-0.01773186,-0.004613915,0.01301969,0.3971408,-0.2510173,0.2697858,-0.6435711,0.6691293,34.84601,341.213,326.103,0.2769212,0.8119619,0.1718864,1.236208,-1.141203,0.9566125,-0.1178871,-0.1434358,0.06345415,0.6678846,8.481956,324.8588,
4884.664,0.04363222,0.4127571,0.590656,-0.6155062,-0.05405217,0.4364658,-0.05117862,-0.10036,-0.3467175,5.701971,10.10653,353.4991,-0.003116864,-0.01525515,-0.005260467,0.01091056,0.3638629,-0.1648301,0.2696509,-0.643639,0.6691553,34.96775,341.0729,326.1875,0.2342446,0.7837616,0.2106169,1.303398,-0.9328491,1.035084,-0.1157305,-0.1344552,0.06784627,359.7494,8.093563,323.6316,
4896.59,0.04358505,0.3933527,0.5947028,-0.6166925,-0.05040296,0.460575,-0.05056658,-0.09537713,-0.3383834,6.203667,10.16595,353.2593,0.0001940388,-0.01425764,-0.003412121,-0.09002011,0.24804,-0.1328292,0.2695707,-0.6436849,0.6691912,35.10431,341.1168,325.9809,0.2035814,0.7512853,0.2442173,1.159086,-0.7781687,0.8615947,-0.1138237,-0.1258257,0.07232834,359.1148,7.987821,323.1248,
4912.224,0.04301456,0.3730475,0.597685,-0.5433498,-0.08404535,0.4513146,-0.05002169,-0.09099041,-0.3299887,6.496565,10.32348,353.0301,0.003235958,-0.01102396,-0.001091678,-0.1359515,0.1209914,-0.1095785,0.2695268,-0.6437184,0.6692419,35.06006,341.1794,325.7913,0.1825079,0.7134823,0.2648715,0.9126292,-0.6761402,0.6449005,-0.1124371,-0.1178861,0.07659543,358.7485,8.13591,322.9671,
4926.352,0.04301632,0.3498793,0.6001844,-0.4870407,-0.1295573,0.4204168,-0.04936821,-0.0871284,-0.321579,6.864501,10.51116,352.8889,0.005506219,-0.007783542,0.0008258829,-0.1364501,0.03042904,-0.1077379,0.2695103,-0.643739,0.6692926,35.06819,341.2757,325.741,0.1596421,0.660674,0.2803943,0.6162507,-0.5990605,0.4102789,-0.1114135,-0.1110365,0.08115949,358.62,8.454571,323.1183,
4938.415,0.04453025,0.3299472,0.6019011,-0.5429284,-0.1263481,0.365497,-0.04866082,-0.08307207,-0.3131748,7.533157,10.62755,352.9633,0.005875448,-0.006195116,0.001381627,-0.08981508,0.02295103,-0.1300136,0.2694972,-0.6437561,0.6693349,35.10401,341.4041,325.8317,0.1491177,0.6023394,0.288942,0.3117997,-0.6041803,0.2498329,-0.1101384,-0.1048594,0.08556296,358.5917,9.059419,323.2966,
4953.626,0.04570065,0.3117171,0.6045647,-0.6276286,-0.08006406,0.2993694,-0.04802528,-0.07901487,-0.304714,8.200349,10.67161,353.1063,-0.0003088872,-0.002849765,-0.0008545363,-0.03084408,0.0443553,-0.009217355,0.2694822,-0.6437687,0.6693564,35.06195,341.2935,325.7936,0.1407955,0.5511007,0.2989385,0.1264981,-0.6126076,0.1777638,-0.1090557,-0.09889407,0.09021709,358.5124,9.640731,323.3469,
4968.111,0.04509878,0.3022166,0.607129,-0.6419264,-0.03561702,0.2803396,-0.04742227,-0.07480231,-0.2962056,8.722843,10.643,353.0751,-0.005022963,-0.00105885,-0.00278213,-0.06865602,0.0248114,0.1379663,0.2694941,-0.6437652,0.6693639,35.10915,341.0218,325.5444,0.1223927,0.5146515,0.3133207,0.1649253,-0.5355384,0.1761659,-0.108186,-0.09314355,0.09526773,358.231,9.773396,323.1512,
4981.518,0.0423574,0.2979939,0.6094654,-0.5756241,-0.01010487,0.2770585,-0.04695992,-0.07045645,-0.2877178,9.044009,10.62452,352.9571,-0.00320731,-0.00513158,-0.002896165,-0.1241554,0.06054749,0.08981127,0.2695153,-0.6437615,0.6693877,35.26348,340.9323,325.4368,0.09673658,0.4901879,0.3286829,0.3656098,-0.4084834,0.2038442,-0.1073734,-0.08761422,0.1005186,357.7155,9.462913,322.7568,
4995.755,0.03956527,0.2964965,0.6110193,-0.4487766,-0.01834307,0.2669499,-0.04646403,-0.06639299,-0.2791322,9.150257,10.64926,352.7975,-0.000585085,-0.003657839,-0.001214219,-0.163462,-0.01957145,0.08949049,0.2695367,-0.6437612,0.6694245,35.34259,340.8655,325.2005,0.07922015,0.4663563,0.34175,0.5023531,-0.3271288,0.257099,-0.1064297,-0.0825517,0.1058304,357.2166,9.187724,322.2771,
5010.006,0.03780907,0.2902368,0.6121936,-0.2808205,-0.03885197,0.2133555,-0.0459404,-0.06293139,-0.2705823,9.046309,10.6873,352.7052,0.002904858,-0.000291335,0.00138787,-0.2119414,-0.1522939,0.1049288,0.2695947,-0.6437458,0.6694687,35.34346,340.8043,324.6168,0.07273299,0.4365214,0.3526794,0.5140654,-0.3272765,0.2868057,-0.1056212,-0.07802057,0.1112137,356.7968,9.180699,321.8698,
5023.915,0.03726183,0.2827774,0.608236,-0.2548721,0.005555203,0.1505325,-0.04543247,-0.05935746,-0.2624806,9.330776,10.59488,352.8646,0.003599117,0.0005444161,0.001934375,-0.1626483,-0.1458423,0.06482112,0.2696621,-0.6437262,0.6695119,35.30602,340.8757,324.6357,0.07287893,0.3939716,0.364809,0.4421136,-0.3279412,0.3252213,-0.1046293,-0.074417,0.1168588,356.5562,9.324592,321.4785,
5036.05,0.035394,0.2756527,0.6003586,-0.3332429,0.119704,0.1172368,-0.04498306,-0.05564868,-0.2544798,9.865375,10.31175,353.0544,-0.0007869838,0.0006315056,-0.0002353586,0.01894268,0.005375098,0.009145286,0.2696917,-0.6437168,0.6695273,35.27916,340.89,324.9384,0.07147197,0.3463497,0.3816044,0.3468124,-0.2480165,0.3508211,-0.1036901,-0.0710539,0.123013,356.5386,9.362258,321.1333,
5051.619,0.03122498,0.2706237,0.5964103,-0.3250851,0.2130372,0.1708227,-0.04462188,-0.05178678,-0.2461077,10.14407,9.952977,352.8528,-0.003289324,0.0001761343,-0.001599157,0.1261152,0.1057155,-0.03261231,0.2696688,-0.6437223,0.6695085,35.24368,340.8782,325.2141,0.06929825,0.3118091,0.3973325,0.2617005,-0.2065045,0.3572294,-0.1029943,-0.0677326,0.1291037,356.5379,9.460085,320.8326,
5065.944,0.02808294,0.2708616,0.5977291,-0.2105809,0.2191344,0.2634379,-0.04421445,-0.04779169,-0.2375956,10.17204,9.703115,352.4291,-0.005554967,0.003151395,-0.002014524,0.1691887,0.08938739,0.01890945,0.2696209,-0.6437317,0.669461,35.12448,340.7816,325.3552,0.05699202,0.2837251,0.4146622,0.284129,-0.1475657,0.3069483,-0.102533,-0.06476582,0.1354953,356.3734,9.330701,320.6183,
5077.705,0.02739468,0.2727387,0.6011229,-0.04345179,0.1471598,0.3121822,-0.04372095,-0.04396421,-0.2292102,9.964883,9.627045,352.024,-0.005134036,0.006430029,-0.001017697,0.1124405,-0.020231,0.1004608,0.2696125,-0.6437254,0.6694227,35.02322,340.6777,325.1728,0.04580338,0.2618989,0.4270333,0.3210705,-0.08630686,0.2849997,-0.1019624,-0.06205579,0.1418847,356.2047,9.119555,320.3544,
5093.327,0.02950485,0.2737224,0.6002114,0.1220783,0.02035713,0.3414153,-0.04310322,-0.04039216,-0.2211214,9.672591,9.711486,351.5377,-0.002824335,0.0105768,0.001081262,-0.004126352,-0.1976867,0.2033484,0.2696656,-0.6436918,0.6693881,34.68484,340.3617,324.4859,0.03879033,0.2324252,0.4396247,0.314452,-0.07986483,0.2733827,-0.1014286,-0.06011134,0.1486329,356.0408,9.05089,320.0984,
5107.693,0.03617715,0.2700949,0.593165,0.2376653,-0.1083082,0.343786,-0.04222075,-0.0370355,-0.2133453,9.385323,9.870893,351.1216,-0.001148115,0.01345741,0.002533788,-0.06398942,-0.3040127,0.2571842,0.2697634,-0.6436425,0.66937,34.38554,340.1509,323.8002,0.03889993,0.1936527,0.451337,0.2022102,-0.04614055,0.2435308,-0.1007159,-0.05881181,0.1554269,356.1281,9.089924,319.9809,
5119.626,0.04647142,0.2616001,0.5803953,0.244295,-0.1767335,0.2550021,-0.04113108,-0.03390929,-0.2059261,9.258464,10.06538,351.0989,-0.002378663,0.0138759,0.001940419,-0.07077344,-0.3016911,0.292162,0.2698652,-0.6435934,0.6693577,34.20534,339.907,323.3718,0.04909727,0.1552549,0.4632981,0.0101085,-0.02840431,0.2320958,-0.09966367,-0.05759319,0.1623968,356.4542,9.339238,319.9315,
5134.481,0.05793822,0.2497564,0.5646185,0.1477417,-0.1842058,0.116351,-0.03984043,-0.03103536,-0.198668,9.323207,10.26406,351.3469,-0.004331535,0.0129425,0.0006758289,-0.05043465,-0.2507406,0.3014901,0.2699765,-0.6435396,0.669341,34.08163,339.6513,323.1049,0.0652971,0.1174174,0.4805693,-0.1917746,-0.01532323,0.248698,-0.09855301,-0.05657794,0.1697477,356.9448,9.726441,319.8786,
5148.932,0.0660123,0.2374163,0.5509457,0.04146052,-0.213802,0.06365632,-0.03875735,-0.02806672,-0.1914238,9.463302,10.52557,351.303,-0.005722119,0.01453983,0.0002230974,-0.0736189,-0.277928,0.3681299,0.2701096,-0.6434749,0.6693153,33.86014,339.2843,322.5431,0.07009779,0.09037572,0.4972503,-0.2373079,0.02252808,0.2589667,-0.09772872,-0.05594422,0.1772114,357.2777,9.877181,319.7558,
5162.558,0.07106671,0.22842,0.5392135,-0.009587282,-0.2738178,0.119076,-0.03777609,-0.0247182,-0.184092,9.577583,10.78624,350.9691,-0.006301964,0.01474466,-0.0001151192,-0.1380593,-0.3049205,0.4308111,0.2702306,-0.64342,0.6693043,33.70627,338.8829,321.8333,0.06321574,0.0645908,0.5062892,-0.2146725,0.06976114,0.219001,-0.09716727,-0.0558791,0.1844528,357.4901,9.858032,319.7101,
5176.796,0.07470846,0.2220298,0.5330254,-0.004751486,-0.3120438,0.1100263,-0.03657272,-0.02191392,-0.1766718,9.484796,11.0685,350.9073,-0.002069955,0.01337964,0.001769795,-0.2240606,-0.3586176,0.3967683,0.2704148,-0.6433436,0.6693077,33.61486,338.7765,321.1982,0.05753605,0.0342767,0.5090234,-0.2439689,0.1246743,0.1683529,-0.09624236,-0.05601997,0.191808,357.8134,9.854717,319.7713,
5191.26,0.08032092,0.2145962,0.5275489,0.0007163535,-0.3195412,0.03306683,-0.03515628,-0.01926708,-0.1695024,9.386748,11.33662,351.0252,0.003213807,0.008208899,0.003406904,-0.2874433,-0.3386361,0.274168,0.2705967,-0.6432782,0.6693433,33.70644,338.9108,320.8668,0.06218159,0.004870284,0.512656,-0.3062614,0.1709205,0.1660272,-0.09494148,-0.05628763,0.1993175,358.2608,9.929484,319.7857,
5205.059,0.08390966,0.2073628,0.5231006,0.01405456,-0.3307555,-0.02181482,-0.03396345,-0.01671422,-0.1623664,9.259612,11.63,351.0417,0.007139469,0.0035258,0.004378842,-0.2555426,-0.266991,0.10928,0.2707036,-0.643245,0.669382,33.81286,339.2077,320.9415,0.06995296,-0.01892151,0.5189552,-0.3096237,0.228098,0.2150417,-0.09359454,-0.05680686,0.2068541,358.7102,9.910576,319.6356,
5217.118,0.08465929,0.1995466,0.5176182,0.01481874,-0.3166234,-0.04321872,-0.03294308,-0.01414058,-0.1553327,9.222596,11.82475,351.042,0.01079619,-0.00251931,0.004834811,-0.1379886,-0.1174886,-0.140956,0.2707561,-0.6432354,0.669426,33.97892,339.6473,321.6857,0.07484922,-0.03947941,0.5226316,-0.2548102,0.2732743,0.2758365,-0.09226251,-0.05767912,0.2142516,359.0762,9.78972,319.368,
5231.959,0.08145158,0.1900727,0.5117435,0.00291704,-0.2491114,-0.05050612,-0.03203945,-0.01186001,-0.1483646,9.238396,11.86728,351.0899,0.01010413,-0.005795554,0.003686677,-0.01374562,0.02589478,-0.275112,0.27073,-0.643253,0.6694542,34.13014,340.1081,322.3203,0.07542299,-0.05714788,0.5229599,-0.1989383,0.3065826,0.330751,-0.09108463,-0.0587234,0.2215213,359.4168,9.63846,319.0542,
5246.055,0.07585202,0.1810544,0.5078661,-0.001826657,-0.1788643,-0.01782523,-0.03122873,-0.009729713,-0.1413956,9.266282,11.83826,351.0031,0.009780544,-0.006951998,0.003189286,0.03307204,0.08283303,-0.3253113,0.2706603,-0.6432849,0.6694691,34.27685,340.5633,322.9281,0.07426138,-0.07568219,0.5218315,-0.1440172,0.3323117,0.4122992,-0.08981528,-0.059836,0.228927,359.7682,9.463695,318.617,
5259.357,0.06870972,0.1708707,0.5047405,0.005238045,-0.1184249,0.05513005,-0.03051923,-0.007623732,-0.1344546,9.340118,11.76483,350.7932,0.009806767,-0.006387903,0.003302005,0.01747101,0.06247991,-0.3050181,0.2705876,-0.6433177,0.6694821,34.31715,340.7401,323.0594,0.07446668,-0.08608467,0.5213381,-0.1010276,0.3546808,0.4650661,-0.08844119,-0.06077045,0.2363112,0.11388,9.269163,318.1924,
5273.757,0.06276411,0.1628809,0.5014443,0.01263554,-0.07617706,0.1245202,-0.02974071,-0.005443096,-0.1275711,9.407748,11.69167,350.5738,0.008686347,-0.004787218,0.003132513,-0.007938974,0.02263454,-0.2375376,0.2705318,-0.6433454,0.6695008,34.30176,340.6962,322.9365,0.0764432,-0.09302182,0.5202734,-0.04996124,0.3832106,0.5334858,-0.08691598,-0.06181713,0.2436792,0.4690597,9.015189,317.6801,
5288.032,0.05934607,0.1573872,0.4991404,0.0306486,-0.05161638,0.1386014,-0.0288959,-0.003315866,-0.1206072,9.375299,11.66551,350.4693,0.006756992,-0.002642517,0.002673109,0.03932232,0.02201092,-0.2083758,0.2704909,-0.6433643,0.6695093,34.26022,340.7836,323.0702,0.07724777,-0.09963696,0.5171559,-0.01101969,0.4022095,0.5777986,-0.08550481,-0.06304187,0.2509729,0.8128527,8.751364,317.1815,
5301.659,0.05868754,0.1546746,0.4978161,0.05074628,-0.0338783,0.1061589,-0.02805096,-0.001294106,-0.1136462,9.289186,11.64774,350.4599,0.00524925,-0.003496394,0.001721701,0.1245725,0.1070505,-0.2644609,0.2704262,-0.6433889,0.6695011,34.31404,341.1856,323.8079,0.07645454,-0.1098859,0.5130715,-0.002068312,0.4077604,0.6064878,-0.08425505,-0.06452779,0.2582131,1.178627,8.534451,316.6998,
5315.987,0.05808483,0.1512868,0.4973654,0.05661826,-0.01385849,0.05942333,-0.02726828,0.0006229877,-0.1066584,9.25,11.62169,350.4952,0.007966691,-0.00299977,0.003061915,0.2102035,0.1323259,-0.391519,0.2703232,-0.6434257,0.6694776,34.27419,341.7876,324.6847,0.07525831,-0.1248796,0.5088773,-0.05245475,0.4249205,0.5689475,-0.08291349,-0.06635509,0.2654844,1.629934,8.370646,316.4166,
5330.143,0.05695035,0.1481296,0.4966626,0.05099024,0.002722417,0.05006985,-0.0265732,0.002565235,-0.09977297,9.245447,11.57408,350.4434,0.00872401,-0.001261318,0.00376721,0.2421195,0.1118973,-0.4127869,0.2702022,-0.643467,0.6694396,34.17513,342.1834,325.2252,0.08286713,-0.1446517,0.5046924,-0.2254666,0.4160717,0.5092223,-0.08147909,-0.0681747,0.2726774,2.286984,8.506254,316.3267,
5343.813,0.055668,0.1442754,0.4955636,0.05396763,0.01498726,0.04783029,-0.02581898,0.00450781,-0.09290691,9.224487,11.51985,350.3882,0.007802408,0.0003462003,0.003696853,0.2026876,0.05899001,-0.3351229,0.2700805,-0.6435078,0.6693943,34.09703,342.3319,325.362,0.08986183,-0.1585375,0.5007015,-0.331793,0.4063613,0.4624432,-0.07999581,-0.07003976,0.2796335,2.906023,8.626214,316.2426,
5355.93,0.05555666,0.1411062,0.4937079,0.04220445,0.02367104,0.04373578,-0.02495676,0.006435007,-0.08609047,9.241246,11.48185,350.374,0.00684636,0.0024961,0.003753223,0.1312068,-0.0274563,-0.2182103,0.270015,-0.6435285,0.6693636,34.03937,342.2067,325.0463,0.09317928,-0.1656927,0.4957087,-0.3239355,0.40563,0.4839521,-0.0784529,-0.07196108,0.2863522,3.422175,8.578441,315.9567,
5371.653,0.05660649,0.1374932,0.4925828,0.04488194,0.02437869,0.01971422,-0.02413154,0.008100659,-0.07914713,9.164874,11.47113,350.4043,0.004657569,0.004330379,0.003144561,0.09508084,-0.07188083,-0.1137858,0.2699893,-0.6435331,0.6693376,33.99249,342.0901,324.8621,0.09484248,-0.1665529,0.4853044,-0.1903673,0.3568926,0.5615252,-0.07687096,-0.07396659,0.292994,3.660457,8.379804,315.3858,
5385.759,0.05868683,0.1322107,0.4921861,0.0432248,0.03770227,-0.03041431,-0.02321111,0.009642452,-0.07222806,9.095553,11.43573,350.5368,0.002396029,0.003145668,0.001821535,0.07152118,-0.04226762,-0.06490979,0.269979,-0.6435317,0.6693147,33.98309,342.0641,324.8533,0.09559073,-0.165588,0.4728671,-0.0698261,0.2877937,0.5921029,-0.07536028,-0.07618936,0.2993757,3.763072,8.19118,314.8459,
5399.075,0.06091132,0.1259073,0.4923977,0.04571952,0.05736119,-0.06979965,-0.02227955,0.0110451,-0.06529219,9.016846,11.37446,350.6499,0.003426353,0.001297351,0.00189541,0.05170963,-0.02417678,-0.09591826,0.269966,-0.6435336,0.6693,33.96444,342.1656,324.9499,0.09572312,-0.1720566,0.4635435,0.004335534,0.2575738,0.6054768,-0.07376386,-0.07881545,0.3056847,3.907617,7.979195,314.3452,
5412.849,0.06286688,0.1173101,0.4930614,0.05139143,0.07894211,-0.09253336,-0.02135845,0.01239556,-0.05842061,8.942211,11.28228,350.7281,0.004375518,-0.0004007939,0.001955473,0.06136874,0.01076786,-0.1499928,0.2699432,-0.6435416,0.6692919,33.96252,342.3644,325.1833,0.1016193,-0.1888635,0.4568543,-0.03485592,0.2609088,0.59247,-0.07197581,-0.08175481,0.3119714,4.259904,7.896847,313.9823,
5427.138,0.06445505,0.1108658,0.4927408,0.06514733,0.09176395,-0.08170054,-0.02041955,0.01383337,-0.05159304,8.87444,11.18669,350.7309,0.005149372,-0.0002913522,0.002319508,0.0963351,0.02565315,-0.1967611,0.2698912,-0.6435614,0.6692785,33.93342,342.662,325.5699,0.1110609,-0.2118614,0.4547446,-0.08145643,0.2678361,0.5999943,-0.07000401,-0.08508228,0.3184658,4.672511,7.846374,313.597,
5439.747,0.06645589,0.1064313,0.4922516,0.09549015,0.08367845,-0.05876867,-0.01943687,0.01522699,-0.0447145,8.737482,11.11878,350.6704,0.004032381,-0.0005004342,0.001757861,0.07964872,0.02876726,-0.1621338,0.2698516,-0.6435759,0.6692662,33.93611,342.6956,325.6247,0.1161873,-0.2354578,0.4573678,-0.04935201,0.2979263,0.6612522,-0.06792252,-0.08878267,0.3253137,5.062449,7.599807,313.0262,
5455.002,0.06937208,0.1028499,0.4915802,0.1279142,0.06892204,-0.04638688,-0.01836474,0.01649275,-0.03787874,8.581314,11.06248,350.6436,0.0004852477,0.00226861,0.0007238681,0.05322026,-0.0182186,-0.02341206,0.2698281,-0.643583,0.6692526,33.90984,342.5583,325.4568,0.1179457,-0.257363,0.4605775,0.02115496,0.3110592,0.7301425,-0.06584239,-0.09284844,0.3321666,5.364223,7.253612,312.3444,
5469.589,0.07353877,0.09799424,0.4901299,0.1363659,0.06779723,-0.06322501,-0.01717729,0.01758096,-0.03109825,8.446351,11.00092,350.7176,-0.0003431379,0.003716492,0.0006492567,-0.02347177,-0.09178077,0.08559863,0.2698491,-0.6435711,0.6692432,33.83435,342.4694,325.2542,0.1214336,-0.2871343,0.4612778,0.02899894,0.3140937,0.7618237,-0.06373759,-0.09765126,0.3388546,5.709194,7.004105,311.7389,
5483.597,0.07793272,0.09075935,0.4876195,0.1334503,0.08353209,-0.09708896,-0.01595437,0.01856732,-0.02438447,8.318461,10.90692,350.8412,0.001023658,0.003115174,0.00115386,-0.06681433,-0.1183339,0.08842912,0.2698928,-0.6435527,0.6692472,33.80177,342.4241,325.0377,0.1266242,-0.3152403,0.4615619,-0.03660588,0.329537,0.7504962,-0.0616545,-0.1025683,0.3453912,6.188689,6.885731,311.2779,
5495.453,0.08158866,0.08398317,0.4857007,0.1396851,0.100284,-0.1110906,-0.01470461,0.01951599,-0.01767035,8.188296,10.80128,350.9038,0.001774605,0.001541332,0.001161531,-0.07598937,-0.09713116,0.05756634,0.2699279,-0.6435397,0.6692575,33.81852,342.4355,324.9879,0.1334836,-0.3545802,0.4647472,-0.1479204,0.3924086,0.7378634,-0.0593802,-0.1082713,0.3523186,6.892695,6.810268,310.9065,
5511.094,0.08581059,0.07432447,0.4834321,0.1870348,0.1007481,-0.1114022,-0.01334855,0.02004817,-0.01104274,7.895204,10.68867,350.8774,0.002688993,0.0006736614,0.001395771,-0.0784936,-0.08803066,0.02816727,0.2699657,-0.6435278,0.6692764,33.82993,342.4608,324.9211,0.1415203,-0.3981599,0.4700804,-0.2923663,0.4689403,0.7342187,-0.05710012,-0.1144881,0.3593156,7.786857,6.816427,310.588,
5525.085,0.09009707,0.06842205,0.4797438,0.2028192,0.1055577,-0.09222592,-0.01190027,0.02101952,-0.004561678,7.768173,10.55694,350.8588,0.002468137,0.0008251749,0.001323599,-0.07128809,-0.08468181,0.02840718,0.2699952,-0.6435189,0.6692927,33.82668,342.4654,324.8432,0.1435986,-0.4416414,0.4756005,-0.3669429,0.5609154,0.7536979,-0.05492534,-0.1212557,0.3662801,8.726937,6.689305,310.2311,
5536.891,0.09506786,0.06557739,0.4757661,0.2126329,0.1123456,-0.09937151,-0.01035934,0.02200484,0.001938224,7.557615,10.45016,350.9244,0.001750635,0.001690072,0.001175956,-0.06071521,-0.09015092,0.04655078,0.2700264,-0.6435085,0.6693053,33.80425,342.4471,324.7354,0.1414272,-0.4815601,0.4770319,-0.4100785,0.6293375,0.7519723,-0.05286863,-0.1284711,0.3731095,9.6408,6.526515,309.911,
5552.526,0.10146,0.06530116,0.4726906,0.2501328,0.1148381,-0.1391118,-0.008702658,0.02289298,0.008499876,7.217033,10.33642,351.0359,0.001138989,0.001293582,0.0008060329,-0.05286675,-0.07136879,0.04563692,0.2700569,-0.6434978,0.6693153,33.7991,342.4297,324.6695,0.1397943,-0.5195044,0.4741493,-0.5071096,0.6955554,0.6933506,-0.05093937,-0.1359935,0.3797572,10.65273,6.508866,309.8113,
5566.548,0.1075001,0.06794418,0.4704663,0.2859455,0.1152973,-0.147513,-0.006958507,0.02398899,0.01500021,6.920341,10.20445,351.0428,0.001134049,-0.000618036,0.0003911317,-0.03889795,-0.02140664,0.003441845,0.2700746,-0.6434927,0.6693256,33.81657,342.4424,324.6806,0.1366957,-0.5498624,0.4708545,-0.5814333,0.766221,0.6317201,-0.04906169,-0.1435984,0.386415,11.70656,6.477944,309.8114,
5578.722,0.1133736,0.06690158,0.4707969,0.3540048,0.09142095,-0.147936,-0.00517695,0.02457803,0.02165012,6.461569,10.12614,350.9897,0.0007524679,-0.002004631,-8.551538E-05,-0.02299,0.02184544,-0.02484457,0.270074,-0.6434956,0.6693357,33.84568,342.4576,324.6956,0.1339386,-0.5839536,0.4667655,-0.6681367,0.8527497,0.5838364,-0.04714384,-0.1518208,0.3931299,12.8876,6.468606,309.8983,
5593.692,0.1193232,0.06126069,0.4699889,0.4147281,0.06270427,-0.1464934,-0.00332424,0.02502856,0.02804506,6.015768,10.06043,350.9453,0.0004148269,-0.003089524,-0.0004795491,-0.01028722,0.05632414,-0.04638619,0.27006,-0.6435039,0.6693449,33.90075,342.485,324.7596,0.134087,-0.6164702,0.4613333,-0.7573956,0.9304881,0.5560113,-0.04518305,-0.1603584,0.3996785,14.14716,6.499738,310.0236,
5608.075,0.1255471,0.05409225,0.4662614,0.421593,0.05597987,-0.1559552,-0.001378663,0.02550405,0.03433563,5.693897,9.97621,350.9998,0.0004028641,-0.002217132,-0.0002970602,0.02460758,0.06048182,-0.06503294,0.2700367,-0.643515,0.669348,33.92489,342.5316,324.8658,0.134164,-0.6447139,0.4529169,-0.8118355,0.9801607,0.5439851,-0.04322837,-0.1691638,0.4059126,15.38342,6.522685,310.1384,
5621.432,0.1318082,0.04705671,0.4617634,0.3915572,0.06545628,-0.1765416,0.0006844029,0.02591512,0.04063739,5.439906,9.887135,351.1215,-0.0001462484,-0.0001867099,-0.0001081717,0.05429775,0.04073728,-0.05011949,0.2700115,-0.6435242,0.6693411,33.90785,342.5532,324.9393,0.135875,-0.6697457,0.4420619,-0.8472477,0.9943385,0.5544516,-0.04112383,-0.1782572,0.4119966,16.5896,6.559365,310.1992,
5635.577,0.1377568,0.03889978,0.4591904,0.3726226,0.05692254,-0.1756081,0.002887174,0.02603987,0.04699537,5.150199,9.825622,351.129,-0.0001929001,0.0005358236,2.747052E-05,0.05644953,0.0269706,-0.04003994,0.2699922,-0.6435296,0.6693289,33.89056,342.5692,324.9925,0.1400254,-0.6930481,0.4300694,-0.8689438,0.9961507,0.5980253,-0.0388316,-0.1876414,0.4178504,17.81054,6.576937,310.1805,
5649.508,0.1433379,0.02781287,0.4585948,0.3689881,0.0311518,-0.1415303,0.005048461,0.02586466,0.05344486,4.865531,9.812663,351.0307,0.0002997912,0.0003042136,0.0002045431,0.0559745,0.02754295,-0.05321139,0.2699727,-0.6435348,0.669316,33.87651,342.6091,325.077,0.1442092,-0.7108765,0.4207457,-0.8504307,0.979338,0.6695118,-0.03646845,-0.1970109,0.4236061,18.98898,6.498885,310.0225,
5663.782,0.1487819,0.01666547,0.4584964,0.3358982,0.008741245,-0.08966327,0.007362336,0.02571565,0.05983099,4.711607,9.797566,350.9309,-0.0002096018,7.814453E-05,-7.978946E-05,0.05691862,0.03739968,-0.04729097,0.2699488,-0.643542,0.6693028,33.86751,342.6395,325.1621,0.1486261,-0.7288019,0.4088971,-0.7976536,0.9406787,0.751107,-0.03398234,-0.2069289,0.429059,20.09154,6.323318,309.7321,
5675.929,0.155111,0.006280666,0.459032,0.2960034,-0.009354295,-0.04848045,0.009781517,0.02549219,0.0662864,4.572576,9.801249,350.8457,-0.000952005,-0.0003849114,-0.0005236294,0.05871725,0.05491021,-0.04109548,0.2699292,-0.6435479,0.6692921,33.86637,342.6487,325.2389,0.1483927,-0.7397256,0.3988439,-0.7493703,0.9191142,0.7800375,-0.03173047,-0.2166568,0.4344211,21.15462,6.141073,309.5325,
5691.102,0.1621777,-0.004513863,0.460995,0.279361,-0.03520944,-0.03507466,0.01230488,0.02490079,0.07282618,4.346547,9.848362,350.7999,-0.0007517571,-0.000263329,-0.000404726,0.07508319,0.06146868,-0.05846342,0.269897,-0.6435583,0.6692765,33.85844,342.6893,325.382,0.1490151,-0.7561116,0.3851188,-0.7573183,0.9334382,0.7801612,-0.02937014,-0.2268533,0.4395873,22.31735,6.043152,309.4729,
5704.983,0.1691294,-0.01636465,0.4619856,0.2479897,-0.04900518,-0.04136509,0.01489543,0.0241628,0.07919924,4.214627,9.882278,350.812,-0.0001292035,-0.000763702,-0.0002259356,0.08923227,0.07660748,-0.09213477,0.2698666,-0.6435683,0.6692625,33.85563,342.7703,325.5795,0.1519465,-0.7740082,0.3715215,-0.7986858,0.9632078,0.7696687,-0.02700959,-0.2371849,0.4446749,23.57149,6.035168,309.5219,
5718.56,0.1752205,-0.02956761,0.4620412,0.1822406,-0.03876616,-0.04599282,0.01756957,0.02319664,0.08557206,4.217486,9.868179,350.8517,0.0001884427,-0.0004169398,-3.939385E-06,0.1012061,0.074641,-0.1044676,0.2698225,-0.6435834,0.6692441,33.83976,342.8574,325.7737,0.1540326,-0.7883467,0.3593275,-0.8120295,0.978812,0.7800139,-0.02460838,-0.2475573,0.4495866,24.80766,5.974315,309.5283,
5733.712,0.180546,-0.04394258,0.4619732,0.09951165,-0.008114845,-0.02954273,0.02015385,0.02216241,0.09207666,4.321522,9.823528,350.8645,-0.0003475604,0.0008493572,2.42021E-05,0.1043784,0.05391683,-0.07677153,0.2697783,-0.6435968,0.6692187,33.79947,342.8795,325.8566,0.1582005,-0.8056462,0.3417922,-0.8222098,0.9765386,0.7902529,-0.02203211,-0.2585195,0.454104,26.02307,5.93064,309.5246,
5747.71,0.1854766,-0.05684856,0.4632351,0.0428013,0.0187433,-0.001934566,0.02294481,0.02094305,0.09865814,4.396438,9.763847,350.8318,-0.001157179,0.002002697,-0.0001006967,0.08651223,0.02404582,-0.02566979,0.2697524,-0.6436027,0.6691958,33.77013,342.8559,325.8503,0.1612065,-0.8189301,0.3262812,-0.8237652,0.9838077,0.7899017,-0.01953019,-0.2694055,0.4585063,27.23121,5.880059,309.5695,
5761.646,0.1910266,-0.06933762,0.465697,0.004269646,0.02811246,0.03206186,0.02581283,0.01960438,0.1052518,4.487519,9.735728,350.7596,-0.002117369,0.003935611,-0.0001322908,0.04769327,-0.03480574,0.06005168,0.2697522,-0.6435973,0.6691735,33.71044,342.7909,325.775,0.1642795,-0.8302557,0.3124938,-0.8461473,1.026798,0.7697738,-0.01706073,-0.2802311,0.4628507,28.51277,5.889013,309.7753,
5775.615,0.1972369,-0.07934037,0.4679917,-0.02570692,0.02458132,0.05948206,0.02877057,0.01834884,0.1118442,4.585927,9.740916,350.6974,-0.002805842,0.005213989,-0.000192396,0.01674937,-0.07584832,0.1224918,0.2697791,-0.6435807,0.6691561,33.60395,342.6421,325.5737,0.167979,-0.8480044,0.2939311,-0.886378,1.101522,0.7575334,-0.01449503,-0.2916721,0.4669656,29.90635,5.938557,310.115,
5789.407,0.2027718,-0.0884295,0.4715836,-0.01460453,0.001846422,0.06486732,0.03171135,0.01677266,0.1185395,4.537718,9.782891,350.6364,-0.001656676,0.004641574,0.0002136951,-0.01818903,-0.09585372,0.1227391,0.269821,-0.643559,0.6691449,33.5506,342.5594,325.3949,0.1713818,-0.8610332,0.2781944,-0.8890347,1.083243,0.8006669,-0.01176256,-0.303049,0.4708817,31.20856,5.900053,310.2009,
5803.854,0.2062588,-0.09543674,0.4739101,0.007667249,-0.02133764,0.09278398,0.03464606,0.01511067,0.1252068,4.530499,9.816375,350.4588,-0.0003471738,0.003651237,0.0006120802,-0.01618745,-0.08501279,0.0792241,0.26986,-0.6435404,0.6691399,33.53241,342.5671,325.364,0.1757632,-0.8672175,0.2619978,-0.8652096,1.00539,0.8574027,-0.009011721,-0.3142799,0.474496,32.4121,5.796243,310.0979,
5818.081,0.2090201,-0.1070264,0.4765903,0.02204622,-0.04978883,0.1358773,0.03757536,0.01300836,0.1319177,4.551505,9.872071,350.2576,0.0001070469,0.003628729,0.000815391,0.02693295,-0.06088511,0.02979738,0.2698847,-0.643527,0.6691298,33.49472,342.5821,325.3841,0.1770985,-0.865878,0.2439454,-0.8074089,0.8637503,0.9071483,-0.006377323,-0.3254601,0.4776866,33.43089,5.616613,309.7804,
5832.165,0.2116393,-0.1209379,0.4773637,-0.01612943,-0.0432055,0.1611173,0.04058833,0.0107747,0.1385179,4.73443,9.86729,350.1546,0.0004678796,0.004000693,0.001056632,0.03787505,-0.06489868,0.01825068,0.269897,-0.6435181,0.6691165,33.43633,342.5925,325.3708,0.1755552,-0.863313,0.2225999,-0.746611,0.7267472,0.9344702,-0.003789541,-0.3368036,0.4802942,34.34597,5.408654,309.3905,
5846.101,0.2136534,-0.1351851,0.4775642,-0.06359812,-0.03211866,0.1802014,0.04356599,0.008503526,0.1451954,4.92781,9.876145,350.0396,-0.000901862,0.006266367,0.0008789574,0.05979498,-0.0867029,0.06121187,0.2699146,-0.6435051,0.6690955,33.30632,342.5431,325.298,0.1725425,-0.8664039,0.2027712,-0.7233123,0.6682212,0.956058,-0.001300281,-0.3482051,0.4827648,35.35719,5.220085,309.088,
5857.884,0.2150187,-0.1448516,0.4777383,-0.09698471,-0.0229496,0.2000402,0.04653166,0.006416082,0.151905,5.125164,9.876403,349.8871,-0.002066391,0.007486966,0.0005651978,0.05318139,-0.1057461,0.1102234,0.2699444,-0.6434851,0.6690672,33.15839,342.4327,325.1428,0.1660925,-0.8746824,0.1816693,-0.698635,0.6601602,0.9695847,0.001011944,-0.3598996,0.4849451,36.41162,4.995504,308.8651,
5873.568,0.2159263,-0.151159,0.4795344,-0.09231792,-0.02876998,0.2225422,0.04947083,0.004262418,0.1587518,5.204368,9.90987,349.6902,-0.003288217,0.009222361,0.0003033917,0.04436477,-0.1352076,0.1703926,0.2699891,-0.6434581,0.6690369,32.95379,342.2273,324.855,0.1552072,-0.8860666,0.1560602,-0.6755762,0.6820441,0.9807024,0.003031588,-0.3718697,0.4867361,37.50712,4.750183,308.7112,
5887.742,0.2159338,-0.1546092,0.4812134,-0.05365959,-0.05118013,0.2334784,0.052381,0.002026975,0.1654947,5.209402,9.961189,349.4715,-0.00414811,0.01690318,0.001229104,0.07344686,-0.2619956,0.2817618,0.2700666,-0.6434138,0.6689932,32.37011,341.842,324.1849,0.1474903,-0.8913522,0.1372113,-0.6527761,0.6769425,0.9944201,0.005069731,-0.3834353,0.4884153,38.56942,4.475536,308.5055,
5899.638,0.2157034,-0.1581994,0.4807467,-0.01943246,-0.07240289,0.2323118,0.05529222,-0.0003590882,0.1721037,5.217166,10.03192,349.2808,0.01455856,0.02928951,-0.0004448108,0.03864906,-0.2668847,0.2605911,0.2619285,-0.6380852,0.6984769,31.6327,339.7133,321.5877,0.140876,-0.8986632,0.105834,-0.6669486,0.6816045,0.999154,0.007040129,-0.3953555,0.4892212,39.68703,4.292871,308.3617,
5915.357,0.214212,-0.1628468,0.4770612,-0.02279631,-0.08966853,0.2167208,0.0581723,-0.002837151,0.1784449,5.303752,10.10826,349.1741,0.02791863,0.02950037,0.002372318,0.06915255,-0.2579283,0.2148579,0.2624033,-0.6378152,0.6984027,31.40259,339.7092,321.5239,0.1347744,-0.9022933,0.07121955,-0.6841338,0.6633587,0.9812625,0.008766697,-0.4072257,0.4892911,40.75056,4.195946,308.2433,
5929.363,0.2105263,-0.1689715,0.4689779,-0.06418364,-0.08350522,0.1881366,0.06077339,-0.005512625,0.1845596,5.479092,10.16938,349.1491,0.04464011,-0.0200424,0.05139593,0.1331767,-0.250928,0.190774,0.2667944,-0.6418884,0.7036181,30.8275,341.7148,323.259,0.1271986,-0.9035345,0.03866185,-0.6842138,0.6306978,0.9559592,0.01025681,-0.4189517,0.4889716,41.74195,4.097828,308.1105,
5943.214,0.2029947,-0.1766704,0.457527,-0.1384282,-0.05288235,0.1786716,0.06313461,-0.008289367,0.1904636,5.796733,10.17113,349.1124,0.04608683,-0.02124443,0.05418239,0.1619663,-0.2381544,0.1636894,0.2674745,-0.6424232,0.7043214,30.56163,341.6958,323.2444,0.1091781,-0.9005043,-0.0008568447,-0.5762198,0.5044138,0.9598954,0.01165592,-0.4309485,0.4878565,42.4338,3.607717,307.5874,
5957.061,0.1911036,-0.1851804,0.4443462,-0.2049443,-0.0151715,0.1895525,0.06530587,-0.0110431,0.1962296,6.116626,10.14164,349.0367,0.04242086,-0.02283319,0.05410148,0.1688083,-0.2006852,0.1682173,0.2679753,-0.6429461,0.7049793,30.36922,341.5767,323.1779,0.09489271,-0.8904395,-0.03081548,-0.4560096,0.2560302,1.037027,0.01332783,-0.4423588,0.4866533,42.94728,2.697085,306.3904,
5971.307,0.1793866,-0.1902286,0.4342025,-0.2291678,-0.00982112,0.2110225,0.06739512,-0.01375979,0.2019628,6.375423,10.18321,348.898,0.0297289,-0.01062611,0.03948173,0.1390016,-0.1858852,0.1818359,0.2671843,-0.6415697,0.7034103,30.49427,341.4914,322.9128,0.08879253,-0.8632262,-0.06318293,-0.3752167,-0.1236508,1.122045,0.01541417,-0.4532378,0.4846114,43.18056,1.548983,304.5576,
5985.33,0.1668142,-0.1925837,0.4227498,-0.2155041,-0.03730362,0.2250627,0.06934504,-0.01635715,0.2074822,6.538487,10.28263,348.7393,0.02310037,-0.002406928,0.02820845,0.1074635,-0.1841278,0.1959052,0.2668859,-0.6406044,0.7023202,30.52326,341.3939,322.6369,0.09562314,-0.835701,-0.09186035,-0.4549316,-0.420213,1.11684,0.01734563,-0.4633838,0.4822909,43.45431,0.8733297,302.8416,
5997.459,0.1554046,-0.1920014,0.4101922,-0.2041072,-0.05788212,0.1798622,0.07103457,-0.01901922,0.2127495,6.651362,10.38425,348.7792,0.02806707,0.007992346,0.004665828,0.05079417,-0.04238026,0.007981855,0.2666736,-0.6395051,0.7011396,30.95326,341.6409,322.9611,0.1038405,-0.796374,-0.127387,-0.5863643,-0.7424449,1.023139,0.01899963,-0.4730715,0.4789203,43.45128,0.5551924,301.0593,
6013.121,0.1437126,-0.190511,0.3960385,-0.2069151,-0.03992984,0.1264085,0.07254834,-0.02166826,0.2176981,6.818503,10.39157,348.8585,0.04063237,0.01886486,0.01037942,0.3522234,-0.06350139,0.1046477,0.2688146,-0.6404145,0.7025639,30.24164,341.3239,323.2363,0.1042366,-0.7627615,-0.166225,-0.7237309,-1.004684,0.9182777,0.02026275,-0.4828886,0.4750388,43.33047,0.4184538,299.2932,
6027.561,0.1284925,-0.1905874,0.3778324,-0.1780904,-0.009833341,0.07167695,0.07377961,-0.0244278,0.2223459,6.862751,10.36277,348.91,0.04341859,0.04474852,0.02273731,1.05487,-0.9310694,0.7873158,0.2698906,-0.6419065,0.699475,26.5319,340.4933,322.3001,0.09606059,-0.7325681,-0.2068617,-0.8385935,-1.028858,0.7736816,0.02100913,-0.4922298,0.4709482,43.38425,0.6320767,298.1367,
6039.512,0.1150684,-0.1902508,0.3570839,-0.1968476,0.05504862,0.03978072,0.07502432,-0.02701721,0.2264523,7.122047,10.23191,349.0385,0.03016877,0.03389521,-0.005612537,0.5559245,-1.272681,1.124693,0.2696893,-0.6421458,0.6992639,25.25685,340.1002,320.2735,0.08539395,-0.7027111,-0.2081676,-0.7956532,-1.111833,0.6768746,0.02190786,-0.5000422,0.4692635,43.15477,0.4793231,296.8115,
6055.096,0.1032252,-0.1896596,0.3311614,-0.2561997,0.1448006,0.001726762,0.07615311,-0.02956787,0.2299722,7.471268,10.0374,349.2809,0.02382445,0.004215292,-0.01481095,-0.2115345,-0.9573791,1.041618,0.2706529,-0.6417958,0.7004811,26.0709,339.8004,318.502,0.05732663,-0.6152644,-0.1480944,-0.8879811,-1.899196,0.848356,0.02232465,-0.5042918,0.4695496,41.87671,359.4327,293.1434,
6069.371,0.0921983,-0.1830073,0.2994047,-0.3352549,0.2364029,-0.005972533,0.07712735,-0.0315015,0.2328594,7.923808,9.80113,349.4707,0.02281221,0.00933546,-0.009887081,-0.2092542,-0.3702047,0.8486549,0.2713979,-0.6411127,0.7008677,26.71823,339.0345,318.3404,-0.05168932,-0.4221564,-0.04838684,-0.6821575,-3.418076,1.87321,0.01995647,-0.5059187,0.4696157,38.64075,354.4286,285.0049,
6083.147,0.08130512,-0.1704413,0.2643379,-0.3565135,0.2744578,0.01039002,0.07792811,-0.03320956,0.2352765,8.221229,9.637764,349.5459,0.05448857,-1.794169E-05,-0.007362169,-0.1742801,-0.1569324,0.2697317,0.2723011,-0.6419343,0.7008444,27.31316,339.7274,319.1769,-0.09416763,-0.2174895,-0.00679153,0.1418931,-2.617034,1.647814,0.02033382,-0.5027028,0.4706195,37.65281,351.7941,283.9272,
6095.387,0.07073663,-0.152672,0.2259269,-0.3454126,0.2521311,0.03307236,0.07856025,-0.03460839,0.2370695,8.473644,9.571557,349.5682,0.05905474,-0.001268705,-0.002292262,-0.127679,-0.2918022,0.1272332,0.2721604,-0.6425498,0.7008566,27.03427,340.2692,319.2801,0.01836002,-0.07008007,-0.03441402,0.3281983,0.05318391,-0.1075508,0.02282404,-0.4958434,0.4691674,40.10211,355.9127,291.4875,
6110.835,0.05924802,-0.1286031,0.1804096,-0.340041,0.1860818,0.0804896,0.07896887,-0.03546187,0.2380759,8.794372,9.59829,349.506,0.03277751,-0.007741094,0.001594236,-0.2726595,-0.2206713,0.4739915,0.2729077,-0.6426818,0.7015615,27.03028,339.381,318.0036,0.1064864,0.04144353,-0.03583517,-0.1316269,0.5967387,-1.116118,0.02404612,-0.4938664,0.4682121,40.08316,359.9453,295.8592,
6124.966,0.04781193,-0.104785,0.1377096,-0.326916,0.09810262,0.1192058,0.07912369,-0.03603101,0.2384515,9.026285,9.730446,349.4099,0.02592382,-0.009036439,0.002023714,-0.2587581,-0.07904964,0.3860162,0.2729689,-0.6426207,0.7017511,27.29195,339.172,317.8203,0.1046553,0.06885402,-0.007509444,-0.3184598,-0.1823991,-0.7391096,0.02473326,-0.4955417,0.4689153,39.2077,0.05310223,294.4166,
6138.067,0.03353801,-0.07582919,0.08833998,-0.3008256,-0.01656389,0.1430837,0.07914609,-0.03616166,0.2383028,9.225631,9.93868,349.3047,0.02027543,-0.004282751,0.002561469,-0.1904512,-0.1325232,0.3170342,0.2727596,-0.6431848,0.7018206,27.14221,339.233,317.7239,0.0803806,0.043761,0.01396095,-0.3729447,-0.4683332,-0.0861086,0.02524973,-0.49646,0.4696626,39.30875,359.1057,292.3765,
6152.674,0.01944143,-0.04716323,0.04477365,-0.2744836,-0.1035299,0.130222,0.07883911,-0.03586414,0.2377763,9.351486,10.20752,349.275,0.01345175,-0.001833539,0.004018184,-0.1703759,-0.2049744,0.390863,0.2731884,-0.6433542,0.7019136,26.85521,339.0137,317.2045,0.05086125,0.01306906,0.02107925,-0.2694824,-0.1508988,0.2639455,0.02503901,-0.4961048,0.4704017,40.16544,358.3811,291.8121,
6166.811,0.005447314,-0.02023377,0.008356347,-0.2325155,-0.1562973,0.08502778,0.07840252,-0.03521913,0.2368503,9.38828,10.42342,349.3216,0.01263685,-0.0002497546,0.0009448561,-0.1065421,-0.1340468,0.2475213,0.2730072,-0.6431648,0.7018294,26.87434,339.0855,317.3152,0.01112229,0.01088228,0.02798088,-0.04889696,0.1712986,0.3061645,0.02397523,-0.4949293,0.4711193,40.75838,357.9006,292.1076,
6179.814,-0.01114336,0.009873023,-0.02860049,-0.1522152,-0.1825056,-0.005726604,0.07773204,-0.03429949,0.2355504,9.23605,10.61299,349.457,0.01117542,-0.0008909515,-0.0006555878,-0.03526688,-0.003316555,0.07686266,0.2725497,-0.6431562,0.7018681,27.06659,339.2936,317.829,-0.02790431,0.02691976,0.03555565,0.1546994,0.3515783,0.2074492,0.02276052,-0.493955,0.4717373,40.97845,357.6129,292.6779,
6194.37,-0.0253418,0.03368608,-0.05780962,-0.07033473,-0.18116,-0.09407261,0.07691567,-0.03322899,0.2338613,9.025189,10.76914,349.6363,0.01074538,-0.000246104,-0.0007829415,-0.0146504,0.004525871,0.04192684,0.2724388,-0.6430646,0.7017858,27.08643,339.3224,317.8744,-0.0500101,0.03223363,0.03333496,0.2167378,0.4917205,0.1636403,0.02195035,-0.493475,0.4720745,41.33377,357.4727,293.2092,
6208.243,-0.04042456,0.05657448,-0.08683503,0.003439407,-0.1542672,-0.193176,0.07592888,-0.03181407,0.2318322,8.769014,10.85756,349.8909,0.009183106,0.002926271,5.569332E-05,0.01574821,-0.07487468,0.07018831,0.2723942,-0.6428718,0.7015948,26.976,339.3212,317.8093,-0.05477632,0.02600695,0.02502461,0.1634158,0.5697066,0.174489,0.02133489,-0.4932171,0.4722401,41.82776,357.4562,293.5789,
6221.473,-0.05505493,0.07864892,-0.1131384,0.08889224,-0.1019053,-0.2927917,0.07486998,-0.03021026,0.2296979,8.40376,10.86344,350.1933,0.004524258,0.004741776,0.0001996965,0.06653881,-0.09200838,0.06005878,0.2721736,-0.6426572,0.7013886,26.85291,339.3416,317.8291,-0.0557826,0.01422564,0.01495198,0.08256899,0.5226329,0.2184567,0.02074343,-0.4933799,0.4721628,42.23516,357.3779,293.5995,
6236.064,-0.06609438,0.09575887,-0.130457,0.1794981,-0.06506546,-0.3456956,0.07367799,-0.02843955,0.2275109,7.972169,10.86109,350.3938,0.00261658,0.005826967,-0.001258578,0.08192645,-0.0712549,0.03926235,0.2720985,-0.6426345,0.7013344,26.78872,339.3529,317.8748,-0.05890239,0.002321817,0.006345995,0.03980358,0.386366,0.2780525,0.02007744,-0.4937676,0.4720081,42.47669,357.1043,293.2853,
6249.886,-0.07639673,0.1112704,-0.1452192,0.2831873,-0.03913007,-0.3862464,0.07243972,-0.02668384,0.2252417,7.454446,10.83582,350.5772,0.005397515,0.007799922,-0.003240677,0.06581175,-0.08302931,0.0009771609,0.2720634,-0.6425713,0.7012538,26.71223,339.4265,317.9218,-0.0625068,-0.009176416,-0.005434876,0.01212431,0.2508526,0.3329749,0.01944349,-0.4942114,0.4715674,42.65525,356.7507,292.8359,
6263.502,-0.08383041,0.1206666,-0.1560976,0.360739,-0.0236612,-0.4003638,0.07114114,-0.02502078,0.2227972,6.948502,10.80328,350.7345,0.004366435,0.007208282,-0.0050101,0.05274534,-0.02180352,-0.02187262,0.2719267,-0.6425278,0.7012016,26.72221,339.4573,317.9807,-0.06371265,-0.01517462,-0.01618002,-0.0006188154,0.1085937,0.3469807,0.01890286,-0.4945425,0.4709449,42.69674,356.4059,292.3441,
6277.435,-0.08941074,0.1242508,-0.1652192,0.4126865,-0.008551557,-0.3998932,0.06975332,-0.02340165,0.2202483,6.466031,10.75086,350.865,0.003737028,0.006742279,-0.006634318,0.03841842,0.01830831,-0.05495202,0.2718053,-0.6424084,0.7010576,26.74431,339.509,318.0727,-0.06257696,-0.01526116,-0.02613934,-0.008964095,-0.1280718,0.3403613,0.0185906,-0.4949627,0.4700697,42.42445,355.9855,291.5677,
6291.843,-0.09499431,0.1251778,-0.174318,0.4375595,0.01662236,-0.3772812,0.0683219,-0.02173233,0.2176193,6.059678,10.64592,350.9697,0.009268427,0.005655431,-0.01146477,0.02430822,0.07496903,-0.2073271,0.2716702,-0.6419736,0.7005004,26.96175,339.8808,318.5872,-0.05901666,-0.01096287,-0.03432196,-0.04033875,-0.4636642,0.3575485,0.01847149,-0.4954561,0.4690011,41.8574,355.4378,290.3588,
6305.519,-0.09939597,0.1254534,-0.1800228,0.4622872,0.03944318,-0.3475193,0.06682977,-0.01996681,0.2150954,5.599573,10.51618,351.0344,0.01124983,0.006614571,-0.01438625,0.01264184,0.1012951,-0.2657904,0.2715301,-0.6416776,0.7001734,27.18244,340.1939,319.0051,-0.05515253,-0.00595233,-0.04030818,-0.05791632,-0.6774977,0.3955216,0.01845961,-0.4957029,0.4679703,41.34615,354.834,289.1639,
6317.627,-0.1024344,0.1265477,-0.1821881,0.5025654,0.04889327,-0.3158519,0.06536359,-0.01814029,0.2125997,5.086168,10.38888,351.044,0.01024064,0.007851692,-0.01678015,0.004622588,0.1228723,-0.3020836,0.2713526,-0.6413971,0.6998765,27.3664,340.4329,319.3302,-0.04724752,0.00460868,-0.04621945,-0.0812669,-0.879317,0.4338946,0.01878791,-0.4956301,0.4667912,40.71754,354.1956,287.8455,
6333.188,-0.1041324,0.1283699,-0.1821119,0.5634291,0.03870284,-0.282158,0.06393197,-0.01631451,0.2101953,4.49172,10.3052,350.9916,0.007245195,0.007605804,-0.01673595,0.005683191,0.1408013,-0.3302762,0.2709257,-0.6412673,0.6997503,27.54768,340.6805,319.6838,-0.03286099,0.0203848,-0.05071805,-0.1315991,-1.053193,0.4301254,0.01942326,-0.4953747,0.4655355,39.98003,353.7217,286.5854,
6347.458,-0.1049436,0.1287441,-0.1805121,0.62392,0.01400103,-0.2699925,0.0625122,-0.0146752,0.2078155,3.84902,10.24725,350.9688,0.001968533,0.007067876,-0.01491914,0.02405004,0.145832,-0.3026958,0.2706308,-0.6411593,0.6995891,27.65077,340.7982,319.9385,-0.01238783,0.03652399,-0.0559357,-0.1989909,-1.193296,0.4123822,0.02033394,-0.495149,0.4641461,39.18576,353.3758,285.3754,
6359.685,-0.106748,0.1270197,-0.1786128,0.6506373,-0.001920958,-0.255011,0.06088632,-0.01311043,0.2054561,3.293737,10.18666,350.9406,0.0005705052,0.00699303,-0.01407073,0.04781953,0.1255236,-0.2794825,0.2704802,-0.6410751,0.6993911,27.68233,340.9298,320.1797,0.002697288,0.04257928,-0.05948367,-0.26487,-1.253567,0.4179626,0.02114704,-0.4950716,0.4629109,38.49343,353.0658,284.2108,
6375.25,-0.1098759,0.1235096,-0.1756317,0.6366055,-0.00186199,-0.2139924,0.05922213,-0.01158461,0.2031743,2.863564,10.08604,350.8591,0.001181033,0.007453484,-0.01454351,0.05141441,0.101257,-0.2614157,0.270415,-0.6409553,0.6991273,27.71289,341.0717,320.3794,0.01443431,0.04527244,-0.06054671,-0.3146597,-1.294893,0.4301395,0.02193432,-0.4950238,0.4617248,37.78728,352.7622,283.0487,
6389.625,-0.1133684,0.1188554,-0.1709692,0.5992749,0.009497441,-0.1646984,0.05752786,-0.01009029,0.2010515,2.495654,9.976855,350.7643,0.001930249,0.008316424,-0.01679714,0.06025588,0.1118127,-0.2896977,0.2701795,-0.6407626,0.6988949,27.80866,341.2868,320.7182,0.0260896,0.04509294,-0.06074987,-0.3581751,-1.292468,0.4402951,0.02288839,-0.4949692,0.4606006,37.14016,352.5058,281.9534,
6403.279,-0.1160117,0.1136974,-0.163442,0.5595044,0.02705167,-0.1349801,0.0559079,-0.008654624,0.199141,2.124427,9.86513,350.7111,0.001648994,0.008319237,-0.01803,0.05837451,0.1373881,-0.3021111,0.2700019,-0.6406105,0.6986845,27.9506,341.4537,321.0371,0.03186509,0.04573239,-0.05983154,-0.3771728,-1.267102,0.448534,0.02372357,-0.4948021,0.4594988,36.52435,352.2489,280.9275,
6416.851,-0.1176139,0.1090201,-0.1547356,0.5389053,0.04046382,-0.1410405,0.05432004,-0.007384121,0.1973439,1.706288,9.738826,350.7341,0.0008771131,0.008139595,-0.01730769,0.05484202,0.1186741,-0.2727378,0.2698348,-0.6405461,0.6985672,28.01177,341.5792,321.2328,0.03684176,0.04606486,-0.06055104,-0.3859743,-1.198568,0.4411296,0.02459148,-0.4945993,0.4583333,36.00001,352.0498,280.0364,
6431.001,-0.1187999,0.1026731,-0.1450258,0.5174585,0.05854415,-0.1669613,0.05264092,-0.006345093,0.1957673,1.309227,9.603394,350.8021,8.000154E-05,0.007664288,-0.01500237,0.06123912,0.07309876,-0.2180446,0.2698399,-0.6406249,0.6985232,27.96022,341.6274,321.2841,0.04032914,0.04686513,-0.06054989,-0.4013783,-1.15723,0.4090469,0.02535906,-0.4944561,0.4572071,35.42178,351.9482,279.2256,
6445.01,-0.1203514,0.09257174,-0.1331801,0.4601192,0.08895966,-0.1828547,0.05094099,-0.005581498,0.1943462,1.068463,9.426383,350.8948,-0.0002350684,0.006755862,-0.01222987,0.05761037,0.01739717,-0.1401556,0.2699308,-0.6407744,0.6986509,27.86455,341.561,321.1391,0.04212918,0.04480337,-0.05964493,-0.4295225,-1.110396,0.3681026,0.02598722,-0.4945248,0.4561303,34.86481,351.9594,278.503,
6457.054,-0.1213645,0.08103224,-0.121298,0.3656232,0.1265025,-0.1709029,0.04925177,-0.004877478,0.1931498,0.9940674,9.243759,350.965,0.0006511677,0.00477098,-0.01345663,0.02454074,0.03548606,-0.1476725,0.2698512,-0.6407058,0.6985069,27.93657,341.6602,321.2548,0.03984756,0.03552917,-0.05804129,-0.4325162,-1.019602,0.3454929,0.02646344,-0.4948786,0.4552132,34.43797,351.9528,277.8641,
6472.706,-0.1214691,0.06776739,-0.1062656,0.249596,0.1646622,-0.1496592,0.04763281,-0.004296362,0.1922223,1.023449,9.060097,351.0571,0.001177539,0.003117812,-0.01684581,-0.02164613,0.09261858,-0.1846022,0.2696835,-0.6405088,0.6981455,28.16969,341.8427,321.5074,0.03453458,0.02069297,-0.05469528,-0.3900818,-0.8619454,0.320445,0.02681671,-0.4953291,0.4545525,34.20887,351.9025,277.4008,
6486.906,-0.1199752,0.05691816,-0.09133487,0.169807,0.1884581,-0.1467749,0.04611727,-0.00380081,0.1915431,0.9967249,8.866974,351.1826,0.001810853,0.001472166,-0.02112546,-0.06489987,0.1390378,-0.1903215,0.2696189,-0.6403302,0.6977308,28.47336,341.9699,321.7072,0.02765231,0.004150977,-0.05119511,-0.3255389,-0.6471404,0.2775707,0.02696265,-0.4958415,0.453932,34.19876,351.8821,277.1701,
6499.055,-0.116876,0.04679517,-0.07402644,0.1228559,0.2101817,-0.1741826,0.04466148,-0.003410488,0.1911367,0.9133049,8.661525,351.3851,0.003813648,-0.0002470408,-0.0240179,-0.1111836,0.1394269,-0.1459803,0.2698062,-0.640368,0.697565,28.67343,341.9778,321.669,0.0184745,-0.01123898,-0.04796554,-0.2580422,-0.4805695,0.2388651,0.0270078,-0.4964937,0.4533141,34.20475,351.8387,276.9997,
6513.793,-0.1131142,0.03726618,-0.05675805,0.09735556,0.2330503,-0.220576,0.04324976,-0.003293961,0.190904,0.819551,8.430243,351.6537,0.007301354,-0.001785604,-0.02486117,-0.1541625,0.09024092,-0.05868341,0.2701203,-0.6405284,0.6974814,28.73197,341.9051,321.4449,0.01116039,-0.02265976,-0.04461375,-0.2049606,-0.3642327,0.1852566,0.02701243,-0.4971409,0.4527257,34.17281,351.8412,276.9017,
6528.183,-0.1091978,0.02665149,-0.04093595,0.05774282,0.2610528,-0.2453254,0.04189158,-0.003371417,0.1907892,0.8399608,8.175258,351.8759,0.01199994,-0.002368436,-0.02390616,-0.1786289,0.009615085,0.005993933,0.2704043,-0.6406268,0.6973053,28.76066,341.8946,321.2023,0.006219978,-0.02851219,-0.04086905,-0.1463017,-0.2659775,0.1258637,0.02703733,-0.4976041,0.4522451,34.1467,351.8519,276.8988,
6542.056,-0.1048843,0.01355695,-0.0254311,-0.01279621,0.2884443,-0.2300858,0.04068577,-0.003649473,0.1908302,0.9998389,7.925891,352.0547,0.01344171,-0.002727512,-0.02172731,-0.183845,-0.003925999,-0.0115321,0.2704164,-0.6405739,0.6972719,28.86003,341.9711,321.1269,0.004467549,-0.02949457,-0.03683046,-0.1073202,-0.1997942,0.07388686,0.02711243,-0.4979751,0.4518856,34.10443,351.8883,276.9254,
6556.301,-0.1002673,0.00189342,-0.01278988,-0.08917641,0.3050522,-0.1956766,0.03954468,-0.003998399,0.1910735,1.227459,7.697878,352.2004,0.007792009,-0.001556415,-0.01710447,-0.1174436,0.04785113,-0.06074793,0.2701946,-0.6406403,0.6974748,28.9011,342.0045,321.2776,0.004933633,-0.024805,-0.02939855,-0.09072521,-0.1853769,0.04157768,0.02728817,-0.4981155,0.4517054,33.99444,351.9261,276.8947,
6570.445,-0.09425209,-0.0103146,0.001421543,-0.1559264,0.3022558,-0.1550958,0.03845219,-0.00435853,0.1915194,1.460503,7.520493,352.3195,-0.0001896957,-0.001440879,-0.01089384,-0.04232846,0.08497557,-0.04945817,0.2702076,-0.6408081,0.6975634,28.91319,341.9641,321.3471,0.007944265,-0.01566084,-0.02126775,-0.0784204,-0.2051492,0.02552868,0.02764404,-0.4981655,0.4515474,33.81286,351.9303,276.7944,
6584.125,-0.08816128,-0.01891845,0.0129635,-0.1805593,0.286101,-0.1309866,0.03746468,-0.004811049,0.1920621,1.613579,7.363016,352.4351,-0.002569117,-0.0004476955,-0.004802028,-0.001916599,0.05052584,-0.02524211,0.2702463,-0.6409175,0.6976486,28.89965,341.9553,321.3578,0.01345297,-0.00669598,-0.01532365,-0.08318923,-0.209504,0.00335262,0.02805241,-0.4981286,0.4514095,33.65184,351.9962,276.7327,
6596.765,-0.08080862,-0.02654892,0.02472015,-0.1886911,0.2604311,-0.119886,0.03661221,-0.005354792,0.1927277,1.749558,7.231043,352.5683,-8.279871E-05,0.001092103,-0.001288315,0.007979978,-0.07008002,0.06744446,0.270346,-0.641078,0.6977286,28.82442,341.9164,321.2626,0.01752173,-0.001150506,-0.009806294,-0.0923948,-0.215233,-0.01380448,0.02833904,-0.498219,0.4514011,33.49298,352.0777,276.6765,
6612.429,-0.0744659,-0.03265521,0.03404879,-0.1926341,0.2403967,-0.1126844,0.03580259,-0.005987495,0.1934498,1.90674,7.099242,352.6897,0.001258597,0.001933065,0.00138126,0.03451556,-0.1580548,0.1226482,0.2705512,-0.6413369,0.6978134,28.54737,341.8391,321.0078,0.01726998,-0.002337982,-0.004116095,-0.08767054,-0.1971324,-0.009126475,0.0284386,-0.498485,0.4515514,33.42665,352.1008,276.6241,
6626.601,-0.06893698,-0.03742304,0.04208211,-0.2045614,0.2224811,-0.09121826,0.03503232,-0.006626964,0.1942465,2.103067,6.982635,352.7682,-0.001313498,0.0009508645,0.004144558,0.08704994,-0.1514466,0.121215,0.2704907,-0.6415735,0.6979749,28.34147,341.7746,320.9435,0.01360323,-0.009166432,0.001043896,-0.0514819,-0.1286913,0.006531365,0.02846998,-0.4986982,0.4517684,33.49662,352.0544,276.6356,
6638.772,-0.06328698,-0.04043855,0.04861749,-0.2223402,0.2092036,-0.06255443,0.03435253,-0.007143497,0.1950399,2.331578,6.868408,352.8148,-0.004195291,-0.0006084162,0.006297871,0.127582,-0.1216144,0.1054296,0.2704713,-0.641818,0.6981249,28.18039,341.7108,320.9546,0.009641741,-0.01701893,0.004021678,-0.01549789,-0.03836491,0.02230483,0.02861331,-0.498772,0.4518444,33.57981,352.0226,276.6562,
6654.116,-0.05710368,-0.04131008,0.05418504,-0.2220017,0.1894613,-0.0402474,0.03379401,-0.007628888,0.1959033,2.502878,6.785806,352.8611,-0.00471397,-0.001113042,0.006894057,0.1279075,-0.1227361,0.1286841,0.2705823,-0.6420804,0.6982926,27.99146,341.6055,320.8598,0.007712827,-0.02056895,0.005342518,0.007537917,0.01515931,0.0200961,0.0287994,-0.4990157,0.4519887,33.62177,352.0028,276.6631,
6668.233,-0.05057224,-0.0407913,0.05868269,-0.1920229,0.1608574,-0.03493907,0.03330241,-0.008152574,0.1968138,2.569401,6.725393,352.911,-0.003801863,-0.0003091702,0.006481606,0.1155871,-0.1557799,0.1881691,0.2707839,-0.6423222,0.6983833,27.69426,341.4178,320.5981,0.007648607,-0.02073297,0.004945892,0.008001271,0.02821829,0.0110783,0.02895632,-0.4992976,0.4520873,33.64857,351.9984,276.6728,
6681.594,-0.04435207,-0.0394791,0.06125294,-0.1715236,0.144486,-0.04797855,0.0328554,-0.008714914,0.197692,2.66011,6.65775,353.0204,-0.001905455,0.0005858429,0.005899385,0.0866865,-0.1982174,0.2406991,0.2710159,-0.6424581,0.6984415,27.40623,341.2423,320.243,0.008349864,-0.02097145,0.003448111,0.004083521,0.03268687,-0.007737509,0.02908678,-0.4995932,0.4521443,33.6676,352.0158,276.7037,
6696.169,-0.03979721,-0.03808852,0.06230545,-0.155225,0.1413564,-0.05204692,0.03238758,-0.009183794,0.1985092,2.756172,6.554188,353.0856,-0.0004276744,0.002073886,0.005017662,0.07105164,-0.2239894,0.2596354,0.2711648,-0.6425914,0.6984638,27.17013,341.1283,319.9711,0.007549647,-0.02210668,0.001848044,0.00190797,0.02668292,-0.007564677,0.02919444,-0.4998835,0.4521909,33.68109,352.0245,276.7179,
6709.81,-0.03562348,-0.03534565,0.06273955,-0.1325809,0.1468076,-0.03998541,0.03199913,-0.009454012,0.1993491,2.836236,6.425113,353.0995,0.0002773444,0.002164379,0.003986619,0.06100342,-0.207852,0.2331239,0.2712548,-0.6426642,0.698505,27.02164,341.0682,319.8279,0.00581853,-0.02252881,0.001644544,0.0007396292,-0.002826476,-0.001567069,0.02930148,-0.5001967,0.4522688,33.66766,352.0213,276.7069,
6722.669,-0.03136661,-0.03117351,0.06290606,-0.09130454,0.1494157,-0.03120386,0.0316938,-0.009778053,0.2001741,2.82588,6.304216,353.1206,-0.0001524994,0.001232333,0.002794488,0.04931443,-0.1419795,0.175508,0.2712163,-0.6426339,0.6985846,27.10711,341.0829,319.9048,0.005013164,-0.02351736,0.001059952,0.0004030906,-0.02321422,0.01487692,0.02946078,-0.5006717,0.4523313,33.64737,351.9989,276.6675,
6737,-0.02775885,-0.02711515,0.06230043,-0.05663058,0.1442776,-0.02714178,0.0314012,-0.009992838,0.2009643,2.821524,6.205856,353.1326,-0.000579839,-0.0002606804,0.00227883,0.03736968,-0.08225122,0.1230075,0.2711887,-0.6426525,0.6986547,27.17769,341.0995,319.9689,0.006070317,-0.0238975,0.000731099,-0.01045963,-0.04228082,0.02679759,0.02963681,-0.5011052,0.4523671,33.61907,351.9787,276.6035,
6751.909,-0.02346189,-0.02237027,0.06006787,-0.01870269,0.1420644,-0.03103233,0.03119344,-0.01017803,0.2016502,2.77077,6.090919,353.1695,-0.0002881884,-0.001518995,0.002004876,0.006181292,-0.03842742,0.092209,0.2712284,-0.6426916,0.6987201,27.20503,341.0776,319.9464,0.007906039,-0.02217648,0.001284833,-0.03782352,-0.07534067,0.04972763,0.02986965,-0.5015492,0.4524255,33.56203,351.9575,276.4552,
6765.891,-0.01992908,-0.0186364,0.05684934,0.007421197,0.1396207,-0.0322846,0.03099784,-0.01040474,0.2022755,2.733803,5.981309,353.1897,0.0003777326,-0.001586435,0.001794024,-0.003828456,-0.03192275,0.07909282,0.2712634,-0.6427712,0.6987921,27.18699,341.0388,319.8857,0.00954376,-0.01894925,0.0021648,-0.05052379,-0.08693199,0.05933803,0.03006889,-0.5017971,0.4525155,33.51731,351.9426,276.3321,
6778.131,-0.01714564,-0.0166458,0.05321798,0.02033039,0.131381,-0.02597562,0.03079969,-0.01064998,0.202851,2.716559,5.894839,353.1882,0.000543688,-0.001793045,0.001758845,-0.005807878,-0.02677542,0.0699502,0.2712908,-0.642851,0.6988546,27.16815,341.006,319.8329,0.009739373,-0.01507279,0.003584688,-0.04676047,-0.08452938,0.05792474,0.03019536,-0.5019612,0.4526338,33.48925,351.9256,276.2567,
6793.416,-0.01404005,-0.01511676,0.04768625,0.01423501,0.1262622,-0.007755079,0.03064723,-0.01081172,0.2033139,2.753942,5.810467,353.1591,0.0001046481,-0.002030781,0.001869809,-0.00567418,-0.02054368,0.06495422,0.2713168,-0.6429537,0.6989338,27.15127,340.9721,319.7839,0.008273656,-0.01179673,0.004983487,-0.03661647,-0.06734373,0.05031094,0.03029667,-0.5021033,0.4527414,33.47969,351.9141,276.214,
6807.449,-0.01177902,-0.01363803,0.04254702,0.006255882,0.1158751,0.0133217,0.03059142,-0.01093304,0.2037182,2.777759,5.733068,353.1173,0.0003966385,-0.002264065,0.002038307,-0.004840619,-0.02353802,0.05757884,0.2713504,-0.6430864,0.6990166,27.13157,340.9435,319.739,0.006700899,-0.01048826,0.005653823,-0.02810103,-0.04285865,0.04026674,0.03036574,-0.5021887,0.4527989,33.48087,351.9103,276.1956,
6821.244,-0.009564952,-0.01312804,0.03726476,0.006472536,0.1044834,0.0173403,0.0305453,-0.01119101,0.2040579,2.777872,5.669695,353.11,0.0001829579,-0.00227104,0.002162785,0.004130125,-0.02036975,0.05544372,0.2713795,-0.6432226,0.6991062,27.1102,340.912,319.7006,0.004328164,-0.009957284,0.006270532,-0.01032922,-0.01351403,0.02872048,0.03044322,-0.5022831,0.4528742,33.48796,351.8992,276.181,
6835.488,-0.007459784,-0.01410759,0.0310993,-0.01435995,0.09745285,0.02269996,0.03044783,-0.01150075,0.204251,2.859222,5.610276,353.103,0.000416208,-0.001472534,0.002379864,0.01044383,-0.04504046,0.080511,0.271417,-0.6432734,0.6991323,27.0501,340.855,319.6179,0.003276629,-0.01018175,0.006216316,-0.003779929,0.01565815,0.02352389,0.03047407,-0.5023699,0.4530023,33.50978,351.8937,276.1734,
6849.34,-0.00620234,-0.01638256,0.02445653,-0.05435518,0.09274832,0.03517127,0.03031147,-0.01177895,0.2043465,3.016499,5.559931,353.0815,0.0003680385,-0.0005238475,0.002288222,0.02111417,-0.07214486,0.1127636,0.2714899,-0.6433437,0.6991348,26.94097,340.7742,319.4943,0.002600262,-0.009929162,0.005940516,0.002135137,0.03518073,0.01723798,0.03050349,-0.5024728,0.4531555,33.54388,351.8894,276.1758,
6862.867,-0.005486206,-0.01902497,0.01798413,-0.09689502,0.09331279,0.04529056,0.03025144,-0.01211095,0.2044281,3.182637,5.496831,353.0601,0.001740245,0.001930141,0.001952889,0.02428937,-0.1305471,0.1667923,0.2717205,-0.6434858,0.6990987,26.69681,340.6316,319.2162,0.002997582,-0.009425494,0.005256076,-0.001839854,0.04020444,0.0113323,0.03053768,-0.5025445,0.4532612,33.57389,351.8923,276.1835,
6876.737,-0.004848227,-0.02052733,0.01282004,-0.1347205,0.09719061,0.0526885,0.03025143,-0.01241934,0.2045005,3.364696,5.42745,353.0512,0.002896374,0.002581746,0.001502292,0.01686164,-0.1556518,0.1924986,0.2718927,-0.6435833,0.6990923,26.48539,340.5172,318.9525,0.003977174,-0.008361353,0.003677749,-0.01212788,0.02672379,0.0152356,0.03059085,-0.5025997,0.4533153,33.59419,351.895,276.1784,
6890.874,-0.003938282,-0.02109901,0.009236336,-0.156618,0.09922965,0.05802202,0.03026669,-0.01269531,0.2045506,3.538184,5.360744,353.0312,0.002505334,0.002875988,0.000733343,0.01764499,-0.1387776,0.1888684,0.2719184,-0.6436172,0.6990777,26.39443,340.4359,318.8322,0.005197678,-0.006119335,0.001573426,-0.02456673,-0.0005278855,0.0138114,0.03065719,-0.5026424,0.4533375,33.59894,351.9018,276.1628,
6904.78,-0.003357053,-0.02103345,0.006640365,-0.1654733,0.09118091,0.062897,0.03021497,-0.01295587,0.2045836,3.689952,5.319518,353.0035,0.002980375,0.003061053,3.146729E-05,0.01550125,-0.1209971,0.1644948,0.2719721,-0.6436341,0.6990781,26.3465,340.4058,318.7732,0.005624176,-0.003214787,-0.0008856611,-0.03077831,-0.03071778,0.01541574,0.03073177,-0.502721,0.4533743,33.58467,351.9096,276.1259,
6916.782,-0.00312648,-0.02027057,0.004620838,-0.1532057,0.08299712,0.06723478,0.03011471,-0.01323685,0.2046148,3.776547,5.280447,352.9696,0.002957271,0.002915572,-0.000252949,0.01285723,-0.1033361,0.1525671,0.2720354,-0.6436402,0.6990698,26.28522,340.3503,318.6831,0.005718417,-0.001460967,-0.003672865,-0.02945943,-0.04480438,0.01589504,0.03081286,-0.5027887,0.4533539,33.55556,351.9131,276.0819,
6931.855,-0.002776358,-0.01932423,0.002395131,-0.1390612,0.08254483,0.06585801,0.03011268,-0.01351908,0.2046439,3.881921,5.217278,352.944,0.003738337,0.003396383,-0.0007750704,0.01296524,-0.1029769,0.1313709,0.2720928,-0.6436406,0.6990011,26.21193,340.3238,318.609,0.005910768,-0.0008448736,-0.005795213,-0.02976037,-0.05521563,0.01769024,0.03090468,-0.5028126,0.4532774,33.51859,351.9131,276.031,
6945.89,-0.002927017,-0.0179274,6.879453E-05,-0.1296395,0.08691632,0.06274774,0.03010706,-0.0137372,0.2045524,3.984966,5.140531,352.9184,0.003614684,0.003412385,-0.001084044,0.01556206,-0.09388377,0.1066431,0.2720939,-0.6436427,0.6989459,26.16508,340.313,318.5733,0.006091065,-0.000528622,-0.007061519,-0.02852534,-0.06539374,0.02092686,0.03100064,-0.5028161,0.4531631,33.47797,351.9053,275.9752,
6958.551,-0.003655056,-0.01658693,-0.001638088,-0.1128193,0.09683315,0.06147454,0.0300458,-0.01392883,0.2044636,4.056108,5.044404,352.8889,0.00265272,0.002613762,-0.001171503,0.01742811,-0.05966648,0.0549111,0.2720512,-0.6436318,0.6989004,26.16499,340.324,318.5911,0.006859798,0.0005995262,-0.007605579,-0.03540302,-0.08689262,0.02524385,0.03113948,-0.5028061,0.4530161,33.41106,351.8985,275.8898,
6973.032,-0.004797382,-0.01505628,-0.0035279,-0.1056068,0.1094311,0.06998516,0.02990881,-0.01407933,0.2043466,4.157218,4.930162,352.8294,0.001631991,0.001097902,-0.0009114639,0.01036095,-0.02230889,0.02165571,0.272031,-0.6436241,0.6988895,26.1707,340.3253,318.596,0.008290681,0.002891278,-0.00787315,-0.04481668,-0.09575254,0.01775518,0.03124293,-0.5027856,0.4529141,33.34234,351.9132,275.8215,
6987.083,-0.005857277,-0.01461204,-0.005025345,-0.09591521,0.1216654,0.0748338,0.02976026,-0.01425782,0.2042211,4.238289,4.812716,352.7874,0.001172806,0.0003755461,-0.0007254434,0.005101385,-0.004059482,0.0066292,0.2720133,-0.643612,0.6988719,26.16608,340.3227,318.5955,0.008412244,0.004943598,-0.007820705,-0.04152719,-0.0967616,0.004333563,0.03132266,-0.5027599,0.452837,33.27593,351.9305,275.7819,
6999.882,-0.007084051,-0.0151699,-0.006380884,-0.09561706,0.1333902,0.077965,0.02965026,-0.01449573,0.2040716,4.356331,4.687649,352.7384,0.001330069,0.0003480334,-0.0007341536,-0.002522588,-0.007134697,0.01042096,0.271986,-0.6435802,0.698834,26.16172,340.3205,318.5882,0.006571506,0.005416657,-0.007477018,-0.0277132,-0.08395373,-0.0003126077,0.03135393,-0.5027078,0.4527659,33.23477,351.932,275.758,
7014.312,-0.008636778,-0.01560166,-0.007361718,-0.08916891,0.1502706,0.0885777,0.02951466,-0.01473758,0.2039184,4.435227,4.531696,352.6683,0.0006632017,0.0001631862,-0.0007406719,0.003269523,0.004103328,0.001141526,0.271944,-0.6435399,0.698791,26.15972,340.3202,318.5862,0.003711403,0.004356418,-0.006800438,-0.0126963,-0.06233039,-0.001019545,0.03137286,-0.5026492,0.4526933,33.21194,351.9264,275.7443,
7028.129,-0.01141451,-0.01470655,-0.007238302,-0.06563191,0.1718675,0.1116928,0.02926525,-0.01490486,0.2038153,4.469831,4.326684,352.5375,0.0001360093,1.564971E-06,-0.0008174158,0.005884919,0.01615209,-0.01996205,0.2718832,-0.643487,0.698745,26.16741,340.3261,318.604,0.001396949,0.003037489,-0.006267974,0.002335281,-0.04071316,-0.001755851,0.03137466,-0.5026025,0.4526499,33.19736,351.9188,275.7383,
7041.177,-0.01397267,-0.0123218,-0.006615192,-0.03632906,0.1924186,0.1373864,0.02896494,-0.01498207,0.2037471,4.486662,4.112569,352.3834,-0.000311644,-0.0003374489,-0.0009248701,0.0116685,0.03531428,-0.04567625,0.2718289,-0.6434437,0.6987207,26.19433,340.3476,318.6586,-0.0003449849,0.001514195,-0.005552531,0.005133904,-0.03922699,0.004639051,0.03136621,-0.5026031,0.4526105,33.17488,351.9073,275.7224,
7055.921,-0.01644486,-0.008880156,-0.004829075,0.007412843,0.211677,0.1653904,0.02864464,-0.01498288,0.2037402,4.436189,3.866832,352.2033,-0.0007787109,-0.0003610076,-0.000958409,0.02033776,0.04595151,-0.05193148,0.2717728,-0.6434155,0.6987078,26.22434,340.3669,318.7249,-0.0007210486,-0.0006269059,-0.004744293,0.001727125,-0.03838641,0.01179181,0.03134849,-0.5026283,0.4525747,33.14877,351.8926,275.6949,
7069.327,-0.01891449,-0.005931043,-0.002467966,0.05758451,0.2349517,0.1807072,0.02834324,-0.01498157,0.2037617,4.354426,3.590704,352.0478,0.0001941032,-0.0002245386,-0.0009822691,0.003727607,0.01962063,-0.01412031,0.2717685,-0.6435115,0.6987622,26.23377,340.3672,318.7348,-0.0004559461,-0.002427782,-0.004644495,-0.01102398,-0.03863283,0.01687057,0.03132852,-0.5026766,0.4525445,33.12931,351.8851,275.662,
7083.501,-0.02143802,-0.005025069,-0.001055277,0.07378772,0.2701444,0.1810763,0.02782853,-0.01506069,0.2038602,4.342417,3.26959,351.9308,0.001537957,-0.000202808,-0.0008574205,-0.01675465,-0.007292569,0.009251426,0.2717832,-0.6435941,0.6988022,26.23939,340.368,318.7214,-0.001307594,-0.003908291,-0.004064626,-0.01563876,-0.04660868,0.02004977,0.03128794,-0.5027639,0.4525104,33.09771,351.8778,275.6154,
7096.911,-0.02519118,-0.006366171,-0.0001288052,0.06730254,0.3116456,0.2006744,0.02732551,-0.01534921,0.2038292,4.395619,2.90602,351.7484,0.0005614298,-0.0006963084,-0.0007415804,-0.005980729,0.005969527,0.004554734,0.2717738,-0.6435971,0.6987744,26.24339,340.3638,318.7099,-0.002213001,-0.004659158,-0.003990591,-0.01382439,-0.04375516,0.01423726,0.03124363,-0.5028288,0.4524859,33.07497,351.8773,275.5902,
7110.966,-0.02905539,-0.009723729,0.0001707668,0.04070593,0.3524396,0.228784,0.0268128,-0.01551804,0.2037681,4.515792,2.517522,351.5374,0.000356296,-0.0001271326,-0.0008054888,0.004122175,0.0008404177,0.002603737,0.2717535,-0.6435762,0.6987275,26.24418,340.3619,318.7109,-0.003165441,-0.005730298,-0.004389932,-0.009241321,-0.03576207,0.01108175,0.03118872,-0.5029009,0.4524555,33.05568,351.8732,275.5678,
7124.846,-0.0315106,-0.01188966,0.0004765317,0.01463316,0.3809257,0.2410465,0.0263669,-0.01567453,0.2038229,4.626424,2.149775,351.3751,0.0004498206,6.875709E-05,-0.001039798,0.001034389,-0.00482921,0.01346454,0.2717384,-0.6435729,0.6986755,26.23809,340.3565,318.7042,-0.003338785,-0.005724134,-0.004290351,-0.01342123,-0.04452893,0.01716021,0.03113278,-0.5029879,0.4524116,33.02718,351.8658,275.528,
7137.116,-0.03265826,-0.01309989,0.002199736,0.007354967,0.3972342,0.2369745,0.02592409,-0.01587427,0.2040014,4.670438,1.802225,351.2484,0.000734648,-0.0001619254,-0.001030295,-0.003495483,-0.002266265,0.006382862,0.2717482,-0.6436123,0.6986794,26.23599,340.352,318.6963,-0.001879104,-0.00570795,-0.004487384,-0.0211567,-0.04901244,0.0202699,0.03111636,-0.5030655,0.4523577,32.99678,351.8629,275.4831,
7152.668,-0.03323596,-0.01361538,0.004887765,0.01384825,0.3996592,0.2218644,0.02551013,-0.0161128,0.20414,4.683514,1.459476,351.1292,0.0003515724,-0.0004404435,-0.001124663,-0.002646524,0.00844495,-0.001196178,0.2717552,-0.6436546,0.6986824,26.24066,340.3494,318.6947,0.0008163394,-0.006020167,-0.004484724,-0.03674878,-0.05064768,0.0190851,0.03113213,-0.5031444,0.4522983,32.96862,351.8741,275.4361,
7166.818,-0.03364137,-0.01443259,0.007283373,0.01945302,0.3973051,0.2096884,0.02502018,-0.01638851,0.2042736,4.718164,1.128752,351.0108,0.0004928413,-0.0007632329,-0.0008464878,-0.001123308,0.0130026,-0.01981985,0.2717464,-0.643656,0.6986982,26.25171,340.3555,318.706,0.002617162,-0.006238078,-0.004218711,-0.04525338,-0.05323964,0.02289845,0.03116751,-0.5032165,0.4522421,32.94136,351.8846,275.3788,
7180.016,-0.03441506,-0.01544885,0.009154498,0.006748755,0.3909993,0.2032165,0.02446388,-0.01663026,0.2044428,4.805604,0.8224636,350.8812,-2.690154E-05,-0.0004550308,-0.0009180111,0.007211159,0.01747511,-0.02099354,0.2717294,-0.6436441,0.6987139,26.26274,340.3627,318.7273,0.003051457,-0.006265082,-0.003610292,-0.04444336,-0.05113723,0.02500617,0.03120397,-0.5032803,0.4521973,32.91795,351.8924,275.3287,
7194.816,-0.03445042,-0.01666571,0.01067869,-0.005803715,0.3839315,0.2016365,0.02402078,-0.01691982,0.2046301,4.886738,0.5216727,350.7463,0.0003319393,-0.0001263788,-0.000766906,0.007239256,0.00348592,-0.01195763,0.2717173,-0.6436498,0.6987298,26.26653,340.3705,318.7422,0.002528972,-0.006362355,-0.003131127,-0.03629267,-0.04744174,0.02479568,0.03122398,-0.5033221,0.4521686,32.89992,351.8941,275.2942,
7208.252,-0.03419769,-0.0182453,0.01219336,-0.02375951,0.3695282,0.1933343,0.0236211,-0.01725748,0.2048169,4.995508,0.25056,350.6461,0.0007807133,0.0005239821,-0.000818963,0.002834579,-0.01745944,0.008991412,0.2717211,-0.6436818,0.6987334,26.2586,340.3709,318.7387,0.001641763,-0.005844363,-0.002471952,-0.02321674,-0.03685421,0.01781752,0.03122402,-0.5033499,0.4521533,32.88766,351.8942,275.2717,
7220.676,-0.0334855,-0.02022978,0.0135432,-0.0503977,0.3605535,0.1782714,0.02314679,-0.01765233,0.2050697,5.138475,359.9878,350.567,0.0005850159,0.0007977299,-0.0009969524,0.008110381,-0.0216949,0.01498309,0.2717249,-0.6437072,0.6987249,26.23886,340.3707,318.7267,0.0008157454,-0.004620293,-0.001245876,-0.0147049,-0.02427962,-0.0006139805,0.03121527,-0.5033663,0.4521484,32.87513,351.9026,275.2666,
7236.373,-0.03308421,-0.02315901,0.01508849,-0.08334832,0.3543362,0.154657,0.02266722,-0.01809663,0.2052912,5.313291,359.7288,350.5248,0.0003859984,0.001541618,-0.001218193,0.01781666,-0.02992921,0.02181483,0.2716998,-0.6436331,0.6986292,26.20273,340.3648,318.7125,-0.0004464961,-0.004385769,-0.0008822423,0.007569699,0.01344248,-0.01868661,0.03121075,-0.5033636,0.4521378,32.87781,351.9109,275.2859,
7250.82,-0.03296541,-0.02647034,0.01677718,-0.1112587,0.3439533,0.1395859,0.02223102,-0.01860681,0.2055562,5.492807,359.4825,350.4561,0.000617704,0.002308384,-0.001376792,0.01877285,-0.04572482,0.03862237,0.2716945,-0.6435713,0.6985356,26.14978,340.3519,318.6812,-0.001962804,-0.005256033,-0.0006169501,0.02866318,0.05020488,-0.03524489,0.03116444,-0.503388,0.4521408,32.90671,351.9244,275.3579,
7264.304,-0.03262908,-0.02985152,0.01817751,-0.141237,0.3323801,0.1348988,0.02178012,-0.01915362,0.2058455,5.70285,359.2635,350.3695,0.0004212318,0.002785389,-0.001502485,0.020273,-0.05548521,0.05918849,0.2716868,-0.6435041,0.6984262,26.08246,340.3228,318.6292,-0.003443231,-0.006547933,0.0002368446,0.03029962,0.06194125,-0.03204205,0.03109829,-0.5034059,0.4521685,32.94242,351.934,275.4234,
7276.203,-0.03239918,-0.03298948,0.01957804,-0.1761395,0.3167739,0.1300588,0.0213246,-0.01974288,0.2061725,5.950907,359.0677,350.2961,0.0003911863,0.003562433,-0.001809686,0.02184685,-0.06984771,0.07866848,0.2716829,-0.6434315,0.6983013,25.99537,340.2844,318.5549,-0.004020826,-0.00736724,0.0007875348,0.03389568,0.07916833,-0.04189926,0.03100281,-0.503436,0.4522062,32.98998,351.9532,275.5112,
7291.085,-0.03232054,-0.03697112,0.02125007,-0.2096134,0.3073437,0.1096738,0.02085942,-0.02041548,0.2065061,6.217285,358.8638,350.2852,7.505098E-05,0.003496652,-0.001855709,0.02186236,-0.06833097,0.08496982,0.2716645,-0.6433563,0.6981909,25.92498,340.2467,318.4911,-0.006267083,-0.006390016,0.001789954,0.04594118,0.1054797,-0.0663695,0.03077697,-0.5034086,0.4522995,33.07012,351.9965,275.6845,
7305.722,-0.03295747,-0.04045636,0.02315754,-0.2450183,0.3035822,0.09558772,0.02034677,-0.02105656,0.2068973,6.516138,358.6704,350.237,0.0003731039,0.00480975,-0.002777999,0.02163973,-0.07607543,0.1015422,0.2716949,-0.6432886,0.6980619,25.82771,340.1878,318.3942,-0.00953286,-0.004120777,0.003188076,0.07137189,0.140718,-0.1046684,0.03040808,-0.503314,0.4524548,33.17341,352.0642,275.9848,
7318.825,-0.03361766,-0.04325026,0.02523391,-0.2602892,0.2956719,0.09318373,0.0198532,-0.02177486,0.2073429,6.768398,358.4796,350.1791,0.001273861,0.004205743,-0.002452377,6.3302E-06,-0.08208475,0.08818305,0.2716782,-0.6432025,0.6979938,25.77177,340.1779,318.316,-0.01366637,-0.005103101,0.003311371,0.1036861,0.1772448,-0.1146999,0.03004911,-0.5033682,0.4525778,33.31894,352.0871,276.315,
7333.933,-0.03399582,-0.04642396,0.02782417,-0.2835235,0.288132,0.0817095,0.0194231,-0.02256331,0.2078113,7.087956,358.2964,350.1506,0.0001253146,0.002525654,-0.002434751,-0.00233074,-0.02568687,0.02730044,0.2716148,-0.6431801,0.6979616,25.79948,340.1877,318.3449,-0.0142972,-0.009506401,0.001716095,0.09897414,0.1856263,-0.0873097,0.02998191,-0.5034969,0.4525612,33.43848,352.0743,276.4325,
7348.144,-0.03432602,-0.05084096,0.03030152,-0.3137675,0.2826148,0.07761258,0.01892295,-0.02342558,0.208271,7.429649,358.128,350.1017,-0.001459323,0.0008416516,-0.002180567,0.005212014,0.03010434,-0.03441026,0.2715516,-0.6431462,0.6979176,25.82359,340.199,318.3801,-0.01109968,-0.01320351,-0.0008333989,0.0673721,0.1383032,-0.04374437,0.03013964,-0.5036414,0.452394,33.43201,352.0486,276.3375,
7361.134,-0.03495766,-0.05414065,0.03213876,-0.3324524,0.2814141,0.06733783,0.01839186,-0.02425826,0.208793,7.752607,357.9469,350.0882,-0.0009565719,0.0003469659,-0.002200165,-0.006612801,0.03275836,-0.04641385,0.2715009,-0.6431216,0.6978841,25.8611,340.2233,318.4227,-0.004192888,-0.01587461,-0.005347487,0.006470105,0.0369685,0.0250263,0.0302217,-0.5036104,0.4523296,33.36733,352.0235,276.1689,
7374.878,-0.03599137,-0.05684257,0.034329,-0.3373522,0.2837209,0.05684952,0.01783054,-0.02509135,0.2093086,8.058964,357.7576,350.0776,-0.0007177826,0.0001750938,-0.002322782,-0.01891214,0.02919225,-0.03203455,0.2714833,-0.6431136,0.697869,25.88616,340.2318,318.4316,0.009499066,-0.01578369,-0.01271768,-0.0915996,-0.1314704,0.1167156,0.03116643,-0.5043617,0.45147,33.19606,351.9332,275.6109,
7388.603,-0.03698902,-0.05889862,0.03619597,-0.3463194,0.2964915,0.04441603,0.01728456,-0.02600524,0.2098495,8.400885,357.5384,350.078,-0.001175127,-0.0001430011,-0.002415396,-0.01322836,0.04193568,-0.04393323,0.2714267,-0.643094,0.6978412,25.93944,340.2545,318.474,0.02968177,-0.0124109,-0.02095902,-0.2284218,-0.3053634,0.1766574,0.03235999,-0.5047246,0.450605,32.79203,352.0179,274.8817,
7401.648,-0.03794329,-0.06199754,0.03789357,-0.3687826,0.3125347,0.04167678,0.01678487,-0.02710882,0.2103824,8.788859,357.3094,350.0578,-0.001268916,-0.000169869,-0.002506168,-0.009333597,0.04425281,-0.05334304,0.2713564,-0.6430748,0.6978182,25.97986,340.276,318.5172,0.04996847,-0.008488568,-0.02897307,-0.3540761,-0.4189652,0.1948872,0.03347521,-0.5048962,0.4497377,32.40723,352.257,274.3033,
7417.188,-0.03901059,-0.06656691,0.03875219,-0.4070198,0.3255,0.04892208,0.01619955,-0.02821562,0.210907,9.248405,357.0913,349.992,-0.001557162,0.0001079547,-0.002679664,-0.007034798,0.04372201,-0.0466617,0.2712789,-0.6430554,0.6977929,26.02027,340.2922,318.5555,0.06295913,-0.005606211,-0.035275,-0.4396112,-0.5048407,0.2289041,0.03455537,-0.5051026,0.448897,32.02347,352.4397,273.6738,
7431.214,-0.03994084,-0.07203425,0.03945636,-0.4552629,0.3394073,0.05167691,0.01566536,-0.02943426,0.2114597,9.763565,356.8539,349.9548,-0.00144664,0.0008569022,-0.002927902,-0.004384742,0.03230649,-0.03967704,0.2711678,-0.6429227,0.6976865,26.04389,340.3074,318.5854,0.07152278,-0.004322246,-0.04026031,-0.4836208,-0.5629879,0.2655763,0.03570095,-0.5053363,0.4480688,31.65101,352.5499,273.0288,
7445.035,-0.04060176,-0.07826015,0.04103955,-0.5104319,0.3558474,0.04761899,0.01504985,-0.03080875,0.2121311,10.32712,356.6219,349.9329,-0.001394454,0.00231545,-0.003333407,0.004637818,0.002334095,-0.003655142,0.2710657,-0.6427566,0.6975539,26.0398,340.3076,318.5875,0.07609839,-0.004035432,-0.04264355,-0.5080468,-0.5833959,0.2843073,0.03675948,-0.5056346,0.4472772,31.31837,352.6706,272.4489,
7457.634,-0.04134151,-0.08577505,0.04375644,-0.5773426,0.3833021,0.04221898,0.01445489,-0.03230178,0.2128972,10.97356,356.3575,349.9066,-0.001218939,0.003729806,-0.003690892,0.009973142,-0.02529095,0.03045694,0.2709785,-0.6425974,0.6973895,26.01384,340.2956,318.568,0.07633626,-0.003673633,-0.04407023,-0.4667827,-0.5346982,0.2450726,0.0372141,-0.5057837,0.4465831,31.07353,352.7865,272.1214,
7473.113,-0.04219023,-0.09315756,0.0473312,-0.6246989,0.3965771,0.05284758,0.01386016,-0.03383979,0.2136971,11.60753,356.1023,349.8202,-0.0009647612,0.004846535,-0.004116961,0.01583976,-0.05298186,0.06096973,0.2709541,-0.6425239,0.6972213,25.937,340.2616,318.4993,0.04946836,-0.005000177,-0.04106389,-0.2188242,-0.35434,0.1202183,0.03704619,-0.5058379,0.4464103,31.06556,352.6272,272.4041,
7487.446,-0.04273917,-0.1005804,0.05248054,-0.6570423,0.3990538,0.07856734,0.01326317,-0.03540593,0.2146862,12.19941,355.8494,349.6744,-0.001068205,0.005393781,-0.004513825,0.01780503,-0.06119667,0.07534889,0.2709425,-0.6424713,0.6970912,25.8681,340.2264,318.4352,0.03116738,-0.0184341,-0.03630284,-0.1345891,-0.2276006,0.1844609,0.03723449,-0.5066143,0.4461738,31.23606,352.3763,272.1499,
7499.452,-0.04225432,-0.1064935,0.05923764,-0.6637681,0.388035,0.09413866,0.01275456,-0.03708947,0.2158129,12.75389,355.6241,349.5658,-0.001135432,0.005728676,-0.004793047,0.01438057,-0.06354752,0.08116549,0.2708892,-0.6423443,0.6969313,25.80224,340.1903,318.3663,0.02632056,-0.03109558,-0.03369624,-0.1179351,-0.04232449,0.1550795,0.03743047,-0.5069373,0.44578,31.5855,352.4566,272.2299,
7514.966,-0.04120295,-0.1121135,0.06591426,-0.6677211,0.3689456,0.1064538,0.01224621,-0.03890792,0.216965,13.30476,355.4177,349.4298,-0.001040068,0.00621414,-0.004917192,0.01446636,-0.06972469,0.08268797,0.2708417,-0.6422131,0.6967666,25.73125,340.1574,318.3002,0.02143251,-0.03359929,-0.03125659,-0.08633357,0.03554149,0.1269604,0.03752415,-0.5070879,0.4454629,31.77972,352.4719,272.2779,
7529.008,-0.03947613,-0.1186257,0.0726749,-0.6735673,0.3538038,0.1129032,0.01178296,-0.04071355,0.2180944,13.88786,355.2059,349.3107,-0.0005208508,0.006341164,-0.005362831,0.01497011,-0.06980571,0.079086,0.2708283,-0.6421421,0.6966346,25.662,340.1257,318.2344,0.01374076,-0.02849856,-0.02822057,-0.05921786,0.02877042,0.1071696,0.03737678,-0.5069836,0.4452536,31.78705,352.4459,272.2734,
7542.597,-0.03819598,-0.1234806,0.07535522,-0.6797657,0.3462684,0.1153336,0.01129391,-0.04260761,0.2190398,14.46409,354.9939,349.1822,-8.134043E-05,0.006222044,-0.005662546,0.005457981,-0.06764305,0.0737728,0.2708474,-0.6421443,0.6965559,25.61317,340.1082,318.1774,0.008763105,-0.02032925,-0.02527268,-0.05625477,0.009883339,0.0739567,0.03729472,-0.5069488,0.4451427,31.74114,352.4756,272.2928,
7556.128,-0.03700878,-0.1274879,0.07531496,-0.7141826,0.3541267,0.1148273,0.01082142,-0.04441386,0.2199966,15.17786,354.7484,349.0635,-6.946607E-05,0.005671724,-0.005483032,-0.002182146,-0.06278481,0.06115252,0.270857,-0.6421521,0.6964999,25.57685,340.0992,318.1313,0.001400474,-0.01174789,-0.0224529,0.005474525,-0.004353152,0.04237442,0.03720866,-0.5068321,0.4450954,31.7015,352.4182,272.3259,
7570.395,-0.03592591,-0.1317046,0.07564835,-0.7586092,0.3679286,0.1074373,0.01037277,-0.04642758,0.2211076,15.912,354.5035,348.9478,-0.00165405,0.00455703,-0.005434375,0.003150437,-0.02219578,0.02562993,0.2708223,-0.6421263,0.6964628,25.58079,340.0971,318.1393,-0.003029235,-0.007031353,-0.01968572,0.02447583,-0.006762393,0.004730493,0.03715259,-0.5068556,0.4449154,31.68375,352.4099,272.3495,
7584.001,-0.03444497,-0.1375979,0.07766183,-0.8037884,0.3771872,0.1039178,0.009943843,-0.04865575,0.2223304,16.68436,354.2722,348.8278,-0.002484635,0.003603305,-0.005261746,0.005918064,0.005045137,-0.007359593,0.2707779,-0.642084,0.6964055,25.58482,340.0978,318.1527,-0.006359671,-0.006786506,-0.01656462,0.04406069,0.01075948,-0.02300082,0.03702444,-0.5069185,0.4446952,31.68015,352.3974,272.4012,
7596.268,-0.03364945,-0.1468628,0.07911587,-0.8269224,0.360773,0.09349962,0.009510316,-0.05128849,0.2233586,17.38027,354.1312,348.7167,-0.002708339,0.003551851,-0.005046684,0.005032247,0.005251725,-0.01251579,0.2707129,-0.6420267,0.696335,25.58806,340.1027,318.1672,-0.006826101,-0.01047061,-0.01535406,0.05481998,0.07451615,-0.04294702,0.03689848,-0.5070723,0.4444602,31.75395,352.402,272.5306,
7611.805,-0.03250222,-0.1556661,0.07760699,-0.8639132,0.3251636,0.09631612,0.009054087,-0.05338851,0.2242584,18.1716,354.0266,348.5185,-0.003237459,0.00329755,-0.005006278,0.002817848,0.01195005,-0.01183766,0.2706413,-0.6419684,0.696268,25.59659,340.106,318.1798,-0.003761671,-0.014165,-0.01607157,0.03406005,0.1373063,-0.07424605,0.03676098,-0.5071825,0.4441145,31.9083,352.5154,272.7673,
7626.274,-0.03064218,-0.1573278,0.07516049,-0.8822679,0.2960476,0.08403503,0.008788422,-0.05528,0.2253109,18.90194,353.9133,348.4058,-0.003343716,0.002933625,-0.004803136,0.0001215078,0.01721071,-0.02620385,0.2705486,-0.6418959,0.6961892,25.61252,340.1189,318.2051,-0.002083179,-0.01273514,-0.01573332,0.01255726,0.1412417,-0.09597977,0.03664893,-0.5071186,0.4439429,31.98491,352.6372,272.9464,
7638.289,-0.02810596,-0.1552875,0.07602502,-0.8599162,0.2760733,0.05741445,0.008601025,-0.05734956,0.226542,19.51856,353.8292,348.3703,-0.003431937,0.002819037,-0.00480134,-0.001586469,0.02069619,-0.0328424,0.2704689,-0.6418239,0.6961135,25.63167,340.133,318.2321,-0.003054255,-0.006899684,-0.0130723,0.01637355,0.08927847,-0.09973073,0.03658893,-0.5069643,0.4439412,31.93699,352.6547,272.9844,
7653.775,-0.02448869,-0.1541174,0.07974193,-0.8256564,0.2515859,0.02290893,0.008381255,-0.05968264,0.2278792,20.13664,353.8054,348.3414,-0.003447143,0.003221643,-0.004845644,-7.252186E-05,0.01571461,-0.032435,0.2703762,-0.6417367,0.6960208,25.64986,340.148,318.2608,-0.003272825,-0.0006296843,-0.00898726,0.01001618,0.02359361,-0.09596728,0.03654809,-0.5069094,0.4439404,31.86602,352.67,272.9961,
7668.099,-0.02157825,-0.1592663,0.08247276,-0.8294867,0.2496244,-0.01720211,0.00813064,-0.06244773,0.2289529,20.87966,353.7634,348.3808,-0.003791845,0.003146434,-0.005068087,0.0007488566,0.02017128,-0.02618373,0.2703159,-0.6416658,0.6959668,25.66724,340.1552,318.2819,-0.002214631,0.000909513,-0.00585863,0.003605026,-0.005968826,-0.07510816,0.03651398,-0.5068778,0.4439058,31.83042,352.6882,273.0157,
7681.324,-0.02107175,-0.1694858,0.07968657,-0.8703601,0.2649905,-0.05218871,0.007756233,-0.06531444,0.2296357,21.73672,353.7072,348.4072,-0.003701556,0.003535148,-0.005072964,-0.0002818927,0.01421024,-0.01739665,0.2702952,-0.6416318,0.6959526,25.67969,340.1607,318.2959,0.0001204889,-0.0002922976,-0.006040455,-0.01461644,0.007400625,-0.06506505,0.03651844,-0.5068603,0.4438492,31.82872,352.7255,273.05,
7695.718,-0.02196465,-0.1759403,0.07290578,-0.9670802,0.2853862,-0.03907057,0.007434174,-0.06749555,0.2303713,22.76957,353.5556,348.2272,-0.003748151,0.003888824,-0.005389008,0.001158024,0.006137985,0.0006110682,0.2702174,-0.641553,0.6958576,25.68434,340.1585,318.2997,0.004163508,0.0004926518,-0.007557341,-0.04085074,0.001349921,-0.06131689,0.03653656,-0.5067691,0.4437227,31.81246,352.8115,273.1029,
7709.45,-0.02269061,-0.1771648,0.06876143,-1.004279,0.2841804,-0.01394651,0.007187799,-0.06966022,0.2314322,23.58618,353.4387,348.0837,-0.003620762,0.004529657,-0.005534247,0.003249676,-0.006715093,0.01387078,0.2701727,-0.6415096,0.6957811,25.67627,340.1502,318.2892,0.00418337,0.003840957,-0.006808026,-0.03603565,-0.04954236,-0.05476217,0.03657227,-0.5066366,0.4436198,31.73562,352.8611,273.1131,
7722.896,-0.02187485,-0.174913,0.06887054,-0.9793792,0.2689092,-0.01143046,0.007032037,-0.07207409,0.2325354,24.26823,353.3816,348.037,-0.003594978,0.004426054,-0.005524546,0.0004088915,-0.00762305,0.01344109,0.2701341,-0.6414751,0.6957185,25.66992,340.144,318.2795,0.003668879,0.00420546,-0.005498352,-0.02410267,-0.05754273,-0.05996977,0.03659338,-0.5065593,0.4435536,31.67628,352.8947,273.1351,
7736.875,-0.01983954,-0.1742583,0.06995142,-0.9569498,0.2488126,-0.02427274,0.006846838,-0.07474595,0.233474,25.03237,353.3655,347.9921,-0.00399142,0.004680126,-0.005581669,0.01023158,-0.006729982,0.009992605,0.2700716,-0.6414159,0.6956294,25.65757,340.1342,318.2757,0.002555464,0.001389696,-0.004262887,-0.002808146,-0.03654511,-0.05773721,0.03661381,-0.5064595,0.4435454,31.65527,352.9072,273.1619,
7751.075,-0.01828532,-0.1798016,0.06716133,-0.9702271,0.2484231,-0.03500102,0.006590165,-0.07775974,0.234124,25.88408,353.314,347.9483,-0.004025124,0.00526472,-0.005737446,0.01503188,-0.01709513,0.02112247,0.2700167,-0.6413575,0.6955364,25.63478,340.121,318.2637,0.001777326,-0.005222728,-0.003619599,0.006261733,0.004794218,-0.03958999,0.03663483,-0.5063794,0.4435285,31.65814,352.9228,273.1947,
7764.866,-0.01826611,-0.1863478,0.06162742,-1.024094,0.2674718,-0.04746523,0.006336629,-0.08039296,0.2346909,26.88708,353.2327,347.9106,-0.003798009,0.005434641,-0.005949384,0.01289243,-0.01970571,0.01961929,0.2699624,-0.6412751,0.6954367,25.61514,340.1143,318.2535,0.00155953,-0.01037446,-0.004571164,0.01261067,0.03838959,-0.02828644,0.03665626,-0.5063714,0.4434644,31.68456,352.9394,273.2424,
7777.199,-0.01789671,-0.1881678,0.05563942,-1.071096,0.2739597,-0.04287126,0.006154947,-0.08265662,0.2353413,27.85593,353.1558,347.8007,-0.004092093,0.00568063,-0.006127952,0.01621737,-0.01736361,0.01382569,0.2698922,-0.6411713,0.6953182,25.59296,340.1099,318.2497,0.002490649,-0.01241417,-0.006315204,0.003815231,0.0502566,-0.02401739,0.03668851,-0.5063853,0.4433576,31.72376,352.9666,273.2915,
7792.665,-0.01650325,-0.185531,0.0516971,-1.081263,0.2581017,-0.04390528,0.006029412,-0.08503854,0.2361111,28.69124,353.1482,347.7306,-0.004473764,0.005838802,-0.006419231,0.0155652,-0.01256602,0.01857138,0.2698215,-0.6410538,0.6951987,25.57421,340.0997,318.2431,0.004206275,-0.01023275,-0.007128496,-0.005578248,0.0250193,-0.035149,0.03673243,-0.5063574,0.4432733,31.7211,352.9977,273.326,
7806.954,-0.01381173,-0.1829556,0.04871595,-1.081752,0.2446231,-0.07057426,0.00602033,-0.08766937,0.2366181,29.5869,353.2025,347.7469,-0.003931497,0.006160875,-0.006234195,0.006800509,-0.02448918,0.02759999,0.269752,-0.6409066,0.6950759,25.54653,340.0883,318.2186,0.006142516,-0.007263622,-0.007158389,-0.02306478,-0.00732125,-0.04189468,0.03678418,-0.5063688,0.4432219,31.69219,353.0424,273.3505,
7819.646,-0.01051203,-0.1849119,0.04405025,-1.125884,0.2459633,-0.1079597,0.006003022,-0.09051859,0.2369948,30.66627,353.2951,347.799,-0.0041475,0.006287793,-0.006139282,0.009624529,-0.02357647,0.02802425,0.2696848,-0.6407681,0.6949744,25.52455,340.0753,318.2001,0.006325659,-0.005742789,-0.006693409,-0.02114017,-0.02802273,-0.03607903,0.03684212,-0.5063732,0.4431701,31.65262,353.0746,273.3622,
7834.244,-0.007263775,-0.188989,0.03842441,-1.173065,0.2393315,-0.146263,0.006032124,-0.09304509,0.2373712,31.70427,353.4377,347.8348,-0.004614577,0.006738781,-0.006218729,0.01540298,-0.02333884,0.03145638,0.2695687,-0.6405982,0.6948348,25.49506,340.0587,318.1809,0.00667337,-0.005522229,-0.006901129,-0.02131318,-0.02233952,-0.03251728,0.036921,-0.5063603,0.4430902,31.63088,353.1034,273.3763,
7848.784,-0.004159309,-0.1877449,0.03546617,-1.174942,0.2337039,-0.1795897,0.006149545,-0.09529382,0.2379116,32.6419,353.5941,347.9469,-0.004763467,0.007101258,-0.006306724,0.01619396,-0.02661074,0.03296708,0.2694563,-0.6404273,0.6946929,25.46406,340.0452,318.1602,0.007380594,-0.005442138,-0.007611527,-0.02096549,-0.002451663,-0.03419613,0.03699942,-0.506353,0.4429989,31.62766,353.1328,273.3983,
7862.814,-0.0006578388,-0.182992,0.03305661,-1.132537,0.2168973,-0.2220938,0.006254449,-0.09781151,0.2381726,33.43209,353.8658,348.1342,-0.004354548,0.007753932,-0.006592123,0.01019555,-0.03292733,0.04353189,0.2693995,-0.6403086,0.6945793,25.42455,340.0244,318.1216,0.01154242,-0.003467278,-0.009319285,-0.04510023,0.02704447,-0.06461192,0.0371576,-0.5062423,0.442783,31.6365,353.2547,273.498,
7876.608,0.003325799,-0.1775772,0.02818215,-1.155736,0.2135752,-0.2632967,0.006450117,-0.1000761,0.2383205,34.507,354.155,348.3299,-0.003437335,0.007642886,-0.006502947,-0.004356575,-0.04654606,0.05177371,0.2694118,-0.6402525,0.694519,25.383,340.0002,318.0576,0.01258198,0.0002233517,-0.00981821,-0.04970603,0.02281226,-0.07632212,0.03727067,-0.5059987,0.4425927,31.62598,353.3536,273.5773,
7890.914,0.006564589,-0.1751117,0.02287863,-1.164443,0.1890325,-0.3020819,0.006673306,-0.1023751,0.2383878,35.43219,354.532,348.5188,-0.004038363,0.00743633,-0.006437983,0.00285802,-0.02814518,0.03970021,0.2694097,-0.6402331,0.6945135,25.36872,339.9875,318.0399,0.01573201,0.00322734,-0.01033706,-0.07669254,0.01223655,-0.0930075,0.03748985,-0.5057423,0.4423343,31.59296,353.5224,273.6826,
7904.782,0.01064648,-0.1656666,0.01857756,-1.133552,0.1484113,-0.3337003,0.007007845,-0.1037287,0.2386885,36.23446,354.944,348.7174,-0.004614594,0.006648834,-0.005988271,0.007729186,-0.009235281,0.02096929,0.2694114,-0.6402375,0.6945093,25.36434,339.9772,318.0357,0.01918778,0.003398824,-0.01123768,-0.11197,-0.01389344,-0.07837256,0.03773167,-0.50563,0.4420875,31.54518,353.6984,273.717,
7917.995,0.01482072,-0.1487398,0.01948002,-1.012775,0.1085268,-0.3682829,0.007357441,-0.1049808,0.2392277,36.70114,355.4015,349.0215,-0.004500429,0.006494113,-0.00579608,0.008311199,-0.009392358,0.01731698,0.2694066,-0.6402257,0.694489,25.35231,339.9662,318.0251,0.02000429,0.00346749,-0.01118857,-0.1243108,-0.05342985,-0.05059527,0.03791401,-0.5055191,0.4418988,31.46737,353.8084,273.6704,
7931.871,0.01884276,-0.129559,0.02337532,-0.8357629,0.0874505,-0.4061858,0.007777356,-0.1061862,0.2396437,36.97375,355.8797,349.4352,-0.004497086,0.006469757,-0.005939975,0.00368352,-0.005249495,0.007661543,0.2693286,-0.6401182,0.6943901,25.34523,339.9643,318.0214,0.01836163,0.004872121,-0.01045378,-0.1080242,-0.09282872,-0.0264216,0.03810017,-0.50539,0.4417425,31.36451,353.8439,273.5919,
7945.43,0.02213244,-0.1108892,0.02535291,-0.6944932,0.09695147,-0.4426572,0.008205906,-0.1072175,0.2398878,37.30558,356.3571,349.9073,-0.004940966,0.006474501,-0.006191448,0.003381732,0.004086958,0.0009890093,0.2692223,-0.6399762,0.6942655,25.34637,339.9622,318.0249,0.01836416,0.005583161,-0.009897171,-0.1110659,-0.1128078,-0.020497,0.03834661,-0.505352,0.4415549,31.25578,353.9176,273.5263,
7958.941,0.02408782,-0.09407801,0.02496761,-0.5911256,0.09647765,-0.4655352,0.008553997,-0.1079631,0.2401656,37.60286,356.8601,350.3368,-0.004798197,0.006264019,-0.00623225,-0.0008668436,0.01118534,-0.01747309,0.2690924,-0.639804,0.6941204,25.35689,339.9727,318.0421,0.01939798,0.004034241,-0.009832367,-0.1135775,-0.09971164,-0.02507666,0.03853424,-0.5052909,0.4413776,31.19312,354.0139,273.5086,
7973.507,0.02502709,-0.07697977,0.02454368,-0.4857189,0.08153356,-0.4862787,0.008905619,-0.1083372,0.2405428,37.75734,357.3922,350.7744,-0.005217921,0.005472071,-0.006242478,-0.004140897,0.03052074,-0.02499694,0.2690602,-0.6397629,0.6941001,25.38759,339.9759,318.0663,0.01794934,0.002773461,-0.00968044,-0.102019,-0.08472433,-0.02776794,0.0386276,-0.5053201,0.4412769,31.15985,354.0659,273.508,
7987.802,0.02596562,-0.05800189,0.02437544,-0.3633159,0.07058527,-0.5119688,0.00934419,-0.108477,0.2408843,37.79218,357.9445,351.2736,-0.005014543,0.00576173,-0.006194268,-0.00511533,0.0230598,-0.01359624,0.2690707,-0.6397613,0.6941146,25.40246,339.975,318.0738,0.01394682,0.001679264,-0.00803669,-0.06374371,-0.04814399,-0.05963387,0.03863819,-0.50531,0.4412488,31.1458,354.1076,273.5839,
8001.088,0.02699188,-0.03927626,0.02354409,-0.2657051,0.0619672,-0.5337361,0.009766415,-0.1083605,0.2411578,37.8065,358.5052,351.77,-0.004693853,0.006259647,-0.005958163,-0.009895479,0.002581833,0.007706845,0.2689985,-0.6396569,0.694038,25.4044,339.9732,318.0643,0.009266321,0.000785508,-0.006208749,-0.03399233,-0.02618195,-0.0631233,0.03868796,-0.5053066,0.441233,31.13628,354.124,273.6204,
8015.688,0.02779207,-0.02302119,0.02309996,-0.1712207,0.06030716,-0.556025,0.01017817,-0.1081611,0.2414741,37.72045,359.0864,352.314,-0.004705354,0.006747233,-0.005705327,-0.009189544,-0.01300223,0.02468609,0.2689066,-0.6395199,0.6939281,25.39375,339.9615,318.0356,0.005720965,-0.001022729,-0.003668282,-0.005370503,0.0071382,-0.06586339,0.03873158,-0.5053228,0.4412192,31.13434,354.1454,273.673,
8030.101,0.02848577,-0.004001075,0.02273924,-0.07145396,0.0554166,-0.5747027,0.01063472,-0.1075821,0.2417641,37.56495,359.6481,352.8318,-0.004724543,0.007132431,-0.005806056,-0.005955456,-0.01836295,0.03541863,0.2688616,-0.639446,0.6938581,25.37803,339.9425,318.0002,0.003304174,-0.003705867,-0.002038566,0.01595484,0.04572227,-0.05845841,0.03876519,-0.5053567,0.4412195,31.15458,354.1707,273.7452,
8044.117,0.02881633,0.01174168,0.02318229,0.01985841,0.0420514,-0.5832983,0.01107914,-0.1070421,0.2421247,37.3219,0.1902256,353.3003,-0.004506886,0.007116643,-0.005974894,-0.01678982,-0.02192895,0.05135653,0.2688369,-0.6393839,0.6937951,25.3627,339.9135,317.9415,0.002073145,-0.005351068,-7.341962E-05,0.01976472,0.06313671,-0.05035211,0.03878517,-0.5054149,0.4412572,31.18759,354.1948,273.8206,
8056.177,0.02897116,0.02402438,0.02318896,0.1058058,0.02724365,-0.5813984,0.01154138,-0.1064788,0.2423644,37.03809,0.6963625,353.742,-0.004238952,0.00740575,-0.00610844,-0.01850709,-0.02765928,0.06382423,0.2688272,-0.6393256,0.6937327,25.33807,339.8791,317.8717,0.001064921,-0.005930281,0.001662967,0.02067471,0.07179912,-0.0411251,0.03878763,-0.5054627,0.4413188,31.22471,354.2121,273.8809,
8071.594,0.02866852,0.03393531,0.02168028,0.15532,0.01570867,-0.5679469,0.01195689,-0.1058193,0.2425006,36.8115,1.165825,354.1469,-0.003757889,0.00769819,-0.005943019,-0.0211426,-0.03784087,0.07007024,0.2688265,-0.6392763,0.6936886,25.30667,339.8497,317.7974,-0.0004730645,-0.004820447,0.004118207,0.02721194,0.07712883,-0.0360614,0.03876368,-0.5054078,0.441389,31.27422,354.2241,273.9567,
8085.839,0.02842559,0.04153591,0.01898151,0.1915587,0.003661654,-0.5410845,0.01236598,-0.1051415,0.242608,36.5507,1.573537,354.4822,-0.003810924,0.007787644,-0.006051433,-0.01942948,-0.03819214,0.08037575,0.2688358,-0.6392251,0.6936452,25.27195,339.8061,317.7172,-0.001248206,-0.003297658,0.006214266,0.02989375,0.08501159,-0.04064968,0.0387234,-0.5053366,0.4414975,31.32786,354.2407,274.0421,
8098.012,0.02787495,0.04635142,0.01499213,0.2289302,0.0135529,-0.5061452,0.01272815,-0.1045206,0.242599,36.26183,1.901936,354.8372,-0.00376545,0.008908363,-0.006692708,-0.02413167,-0.04930665,0.1126309,0.2689208,-0.6391922,0.693557,25.21346,339.7324,317.5785,-0.002303999,-0.002440714,0.007627719,0.0394779,0.09443872,-0.03658833,0.03868108,-0.5052413,0.4416316,31.38955,354.2426,274.1214,
8113.595,0.02671848,0.04846331,0.01053797,0.2484706,0.02405116,-0.461432,0.01305212,-0.1038614,0.2425356,36.02086,2.162191,355.1049,-0.001893799,0.008556443,-0.006675198,-0.04508346,-0.06733955,0.1076223,0.2689519,-0.6391439,0.6934742,25.1628,339.7098,317.4365,-0.003544683,-0.002311847,0.00938413,0.04701532,0.1027774,-0.02576045,0.03863192,-0.5051463,0.4418117,31.46994,354.2319,274.2045,
8127.682,0.02486346,0.04839986,0.004063002,0.2495784,0.01813498,-0.393686,0.01337785,-0.1033494,0.2422651,35.80924,2.330312,355.2514,-0.003423576,0.007106878,-0.006565891,-0.02837351,-0.0188968,0.04825545,0.268915,-0.6391907,0.693471,25.18965,339.7207,317.4747,-0.004205008,-0.001856833,0.01032082,0.05680314,0.09990491,-0.02084718,0.03860441,-0.5050846,0.4419646,31.52677,354.2068,274.2624,
8140.683,0.0231343,0.04669501,-0.003364656,0.2282082,0.0005616704,-0.3292373,0.0136568,-0.1027608,0.2419429,35.67496,2.48351,355.3401,-0.00488745,0.006165793,-0.006831893,-0.01023709,0.02302339,-0.008093704,0.2688729,-0.6391739,0.6934103,25.21786,339.7248,317.5037,-0.002529652,-0.002112607,0.009991948,0.04617068,0.1047606,-0.02473664,0.03861444,-0.5050465,0.4421109,31.59126,354.2158,274.3348,
8155.273,0.02199909,0.0448104,-0.01051523,0.1948613,-0.02465032,-0.272926,0.01394187,-0.1021621,0.2415767,35.5863,2.62316,355.3831,-0.00461069,0.005858714,-0.006987455,-0.0156543,0.02591521,-0.02028347,0.2688232,-0.6391218,0.6933306,25.24521,339.7336,317.5181,-0.0009659044,-0.002095637,0.008652369,0.03623542,0.1029758,-0.01790736,0.03862564,-0.5050007,0.4422179,31.65078,354.2194,274.3814,
8169.301,0.02136061,0.04255706,-0.01758635,0.1628498,-0.05410358,-0.2152189,0.01423374,-0.1015907,0.2412164,35.49992,2.725156,355.3627,-0.004604649,0.006003254,-0.007243171,-0.01557189,0.02434198,-0.01770099,0.268767,-0.6390789,0.6932243,25.27382,339.7373,317.5263,-0.0002512244,-0.001438054,0.007283479,0.02796318,0.0860995,-0.008352063,0.0386483,-0.5049815,0.4423016,31.68187,354.2167,274.3975,
8182.905,0.02060464,0.0414603,-0.02222118,0.1429404,-0.0735212,-0.1676741,0.01448695,-0.1010016,0.2408352,35.40694,2.791971,355.3338,-0.005051541,0.005912909,-0.007555349,-0.00666817,0.03142734,-0.02782496,0.2686977,-0.6390199,0.6931301,25.30227,339.7438,317.5523,-0.0002901424,-0.0007944169,0.004915613,0.02070076,0.06453894,0.007568738,0.03867062,-0.5049888,0.4423775,31.7072,354.202,274.3937,
8196.795,0.01900289,0.04049957,-0.02524916,0.1328905,-0.09161555,-0.1158152,0.01468114,-0.1004715,0.2405025,35.30798,2.800912,355.2318,-0.004998419,0.006148289,-0.007783011,-4.138402E-05,0.0313133,-0.04053425,0.2686177,-0.638941,0.6930158,25.33215,339.7637,317.5956,-0.0009226511,-0.0005394442,0.001763851,0.01822879,0.05385348,0.01938713,0.03869046,-0.5049664,0.4424348,31.74147,354.1895,274.395,
8210.883,0.01711593,0.03924218,-0.02704704,0.1288272,-0.1099404,-0.06169976,0.01481913,-0.0999753,0.2401594,35.21607,2.769031,355.0701,-0.005184453,0.006089368,-0.008092401,0.006935591,0.04046453,-0.06351578,0.2685074,-0.6388414,0.6928861,25.37527,339.8013,317.6733,-0.002333799,0.001463395,-0.001635551,0.007168946,0.03003138,0.03706055,0.03869241,-0.5049152,0.4424524,31.76892,354.1685,274.3727,
8224.545,0.01500978,0.03736812,-0.02794224,0.1280525,-0.1266619,-0.01323954,0.01500203,-0.09957254,0.239773,35.11557,2.703877,354.8839,-0.004697453,0.005230928,-0.007777028,0.004460706,0.04731795,-0.07158268,0.2687053,-0.6392047,0.69315,25.42757,339.832,317.7393,-0.002779532,0.004396188,-0.005407585,-0.002683963,0.02346063,0.02579528,0.03867484,-0.504824,0.4424213,31.79633,354.1604,274.3593,
8236.688,0.01310737,0.03511662,-0.02853476,0.1237096,-0.1459736,0.03013985,0.01513101,-0.09920675,0.2393933,35.03561,2.633374,354.6664,-0.002717518,0.002995497,-0.005872997,-0.0006033846,0.03924886,-0.05330797,0.2696463,-0.6406187,0.6943564,25.4571,339.8364,317.7509,-0.004536788,0.00735828,-0.008555507,-0.002715374,0.01397211,0.01937983,0.03860651,-0.504712,0.442343,31.81417,354.1553,274.3473,
8252.483,0.01121102,0.03122856,-0.02881281,0.1224333,-0.160453,0.06090273,0.0152194,-0.09896739,0.2390449,34.93656,2.57258,354.4473,-0.0003098254,0.0008015186,-0.003882405,-0.00425815,0.02148909,-0.03575658,0.2705703,-0.6420125,0.695547,25.47539,339.8421,317.7542,-0.007103783,0.01005294,-0.01029598,-0.003104983,0.0006710853,0.01012964,0.03849715,-0.5045808,0.4422377,31.8164,354.155,274.3383,
8266.464,0.009424331,0.02765733,-0.02848725,0.1146598,-0.1677184,0.0792874,0.0152612,-0.09869175,0.2387663,34.8772,2.515329,354.2562,0.0001076201,0.0004205179,-0.003184426,0.001684555,0.01382501,-0.02829716,0.2707905,-0.6423255,0.6958055,25.48715,339.8518,317.7706,-0.009882517,0.01141485,-0.0108767,0.002074694,0.004954711,-0.001126222,0.03832932,-0.5043991,0.4421244,31.81943,354.1556,274.345,
8279.966,0.007005591,0.02274679,-0.02724791,0.1164294,-0.1621953,0.09568348,0.01522528,-0.09856291,0.2385391,34.77593,2.428043,354.0707,-0.0001161816,0.0003135836,-0.003274618,0.005145079,0.01920681,-0.0304256,0.2707805,-0.6422939,0.6957613,25.50142,339.864,317.7969,-0.01289544,0.01176917,-0.01022716,0.01507284,0.0108714,-0.008783171,0.03809117,-0.5041909,0.4420031,31.82393,354.1483,274.3635,
8293.053,0.004769607,0.01873109,-0.02568781,0.1140982,-0.1420489,0.111534,0.01522087,-0.09845987,0.2382663,34.69598,2.293286,353.8978,9.283097E-05,0.000655756,-0.00334373,0.004527747,0.01469291,-0.02786852,0.270777,-0.6422686,0.6957167,25.51273,339.8748,317.8193,-0.0153751,0.01189228,-0.009033738,0.02302192,0.02490629,-0.01743495,0.03779611,-0.5039533,0.441946,31.8403,354.1455,274.4039,
8306.522,0.002217925,0.01319845,-0.02370713,0.1188207,-0.1157894,0.1255925,0.01517385,-0.0985024,0.2380368,34.61197,2.150005,353.7397,0.0001206781,0.0009731224,-0.003455722,0.002915838,0.007285509,-0.01286454,0.2707829,-0.6422549,0.6956735,25.51931,339.8807,317.8315,-0.01741779,0.01241603,-0.007549903,0.03681246,0.04143216,-0.03808806,0.03742668,-0.5036811,0.4419493,31.85871,354.1496,274.491,
8321.139,-0.0002725562,0.006752138,-0.02142783,0.1225156,-0.09335399,0.1412785,0.01511057,-0.09865157,0.2378291,34.52173,1.989608,353.5734,0.0004739584,0.001537314,-0.003443155,0.00243011,-0.01438309,0.01279905,0.2708016,-0.6422425,0.6956104,25.50961,339.8813,317.8277,-0.01884826,0.01233242,-0.006757306,0.05640376,0.07002619,-0.06425261,0.0370013,-0.5033791,0.4419495,31.9001,354.1627,274.6508,
8336.154,-0.001923354,0.0009225253,-0.01942051,0.1110732,-0.07086515,0.1527641,0.01511726,-0.09845944,0.2375845,34.48938,1.826954,353.421,0.0009299165,0.002709241,-0.003411045,0.008282501,-0.04066335,0.03714956,0.270842,-0.6422325,0.6955529,25.46744,339.8675,317.7916,-0.01978991,0.01192915,-0.006017384,0.07011189,0.07913606,-0.08404489,0.03665473,-0.5032112,0.4419389,31.92214,354.1759,274.8117,
8350.292,-0.003169192,-0.005115245,-0.01748468,0.0961917,-0.05422724,0.1567995,0.01501607,-0.09870423,0.2374503,34.45988,1.678592,353.2773,0.000851378,0.003239722,-0.003717182,0.0150698,-0.04852449,0.04979407,0.2708851,-0.6422245,0.6954954,25.41354,339.8438,317.747,-0.02008331,0.01105059,-0.005184995,0.08279434,0.08058405,-0.0979261,0.03633829,-0.5030912,0.4419261,31.9312,354.183,274.9722,
8364.164,-0.003783874,-0.01050585,-0.01524904,0.08069258,-0.04836544,0.1590234,0.01493751,-0.09901837,0.237339,34.43888,1.539161,353.1248,0.0005248403,0.003749303,-0.003897051,0.02296471,-0.05042924,0.05365176,0.2709031,-0.6422139,0.6954507,25.35581,339.821,317.71,-0.01882541,0.009763125,-0.004682202,0.0890038,0.07948381,-0.1062275,0.0361254,-0.5029657,0.4419765,31.93386,354.19,275.1143,
8376.236,-0.004267195,-0.01527434,-0.0124825,0.07049826,-0.04774225,0.153483,0.01484684,-0.09958582,0.237411,34.40787,1.43585,352.9874,0.0005652307,0.004046769,-0.003883568,0.02038883,-0.05755199,0.06357106,0.2709219,-0.6422006,0.6954014,25.29228,339.7944,317.6585,-0.01630312,0.008601638,-0.004629903,0.09045754,0.07500974,-0.1112626,0.0359837,-0.5028571,0.4420176,31.92796,354.2021,275.2344,
8391.705,-0.00429894,-0.0187993,-0.009974927,0.05842663,-0.04282127,0.1469296,0.01478168,-0.09993997,0.2374013,34.3922,1.339231,352.8793,0.0007288533,0.004481739,-0.003764637,0.01645983,-0.06741817,0.07716955,0.2709594,-0.6421846,0.6953478,25.216,339.76,317.5873,-0.01178784,0.006784881,-0.004600889,0.08417732,0.05631103,-0.1076929,0.03594263,-0.5027888,0.4420797,31.90392,354.2116,275.305,
8405.925,-0.004222129,-0.02220164,-0.007581054,0.05087478,-0.03567384,0.1347559,0.01475297,-0.1003026,0.2373969,34.37697,1.237997,352.7757,0.000815908,0.004356356,-0.003608311,0.008733768,-0.06546218,0.08219986,0.2710059,-0.6421548,0.695316,25.15756,339.7267,317.5175,-0.007775105,0.005566604,-0.005252733,0.07513359,0.04393731,-0.1046865,0.03589744,-0.5027611,0.4420595,31.88633,354.2245,275.3714,
8418.103,-0.003853646,-0.0242987,-0.005610385,0.04162202,-0.02166,0.1252959,0.01476385,-0.100658,0.2374026,34.36843,1.130767,352.7113,0.0007923005,0.003975204,-0.00349678,0.004093646,-0.05499722,0.0710791,0.2710263,-0.642125,0.6952966,25.12745,339.7091,317.4778,-0.00390264,0.004771706,-0.006139823,0.06985372,0.0215401,-0.09104032,0.03587739,-0.502735,0.442036,31.85666,354.2191,275.4118,
8433.675,-0.003217831,-0.02502791,-0.004303898,0.03782137,-0.0002157291,0.115098,0.0147554,-0.1009669,0.2373848,34.35807,1.030737,352.6764,9.094353E-05,0.003204079,-0.003261702,0.006375971,-0.02617147,0.03022945,0.270988,-0.6420974,0.6953095,25.11991,339.7081,317.4782,0.001043479,0.003775019,-0.005005243,0.03102977,-0.009695019,-0.09198041,0.03583064,-0.5027709,0.4421168,31.80396,354.2536,275.4608,
8447.924,-0.002385297,-0.02379104,-0.003162853,0.02294623,0.01083534,0.1059336,0.0147538,-0.1011227,0.2373916,34.38762,0.9491459,352.6188,-0.000579508,0.002452647,-0.003004986,0.01275294,0.001564224,-0.01495135,0.2709468,-0.6420693,0.6952974,25.11801,339.7134,317.494,-0.004882479,-0.0009917414,-0.003558905,0.121537,0.04715325,-0.06708815,0.03578096,-0.5028134,0.4420593,31.81296,354.1607,275.5794,
8460.876,-0.00144304,-0.02045328,-0.001557763,0.01499717,0.008139891,0.0974542,0.0147813,-0.1011402,0.2374789,34.38799,0.876512,352.5446,-0.001190794,0.001490068,-0.003066881,0.01090663,0.03143357,-0.05147376,0.2708812,-0.6420062,0.695253,25.14809,339.7382,317.5556,0.001218707,-0.0003193849,-0.006385814,0.1207488,0.06807593,-0.08295365,0.03610303,-0.5026979,0.4419651,31.83701,354.1281,275.7314,
8475.46,-3.269242E-05,-0.01440809,0.001173603,0.02436018,-0.00332707,0.08370971,0.01472138,-0.1013712,0.2375445,34.33429,0.846326,352.4877,-0.001288516,0.001149593,-0.0030675,0.008393308,0.03980783,-0.06219128,0.2708342,-0.6419501,0.6952139,25.1838,339.7639,317.6133,0.01137762,0.001988628,-0.004362395,0.02053645,-0.03743857,-0.05886005,0.03610943,-0.5028404,0.4420045,31.74875,354.1927,275.6729,
8489.542,0.001174046,-0.008884127,0.003711408,0.06362826,-0.02062078,0.06002565,0.01476011,-0.1012884,0.2377084,34.1739,0.8614954,352.4582,-0.001333658,0.001908255,-0.003062086,0.01512368,0.02729979,-0.05063279,0.2707915,-0.6418858,0.6951661,25.2014,339.7846,317.6633,0.006417988,-0.009449106,0.0003703577,0.01281353,-0.09756029,0.04929229,0.0361247,-0.5033939,0.4421311,31.65538,354.0804,275.4755,
8501.845,0.002506071,-0.003269452,0.005465383,0.108613,-0.04469403,0.03237744,0.01482354,-0.1011192,0.2378522,33.98371,0.9098655,352.4204,-0.001349956,0.002133328,-0.002854598,0.01995392,0.02298914,-0.05345884,0.2707497,-0.6418421,0.6951599,25.21495,339.8071,317.711,0.0007373379,-0.01813344,0.0003336624,0.08702789,0.03618671,0.0590115,0.03617077,-0.5034754,0.4421995,31.79469,353.9364,275.4974,
8516.795,0.003812871,0.001006103,0.005872665,0.1274739,-0.04583845,0.0003394226,0.01490334,-0.1009366,0.2379557,33.86246,0.9769937,352.4837,-0.001433968,0.00187508,-0.002609064,0.01741299,0.03134541,-0.06419256,0.2706876,-0.6417817,0.6951525,25.24385,339.8412,317.7854,0.001981977,-0.01586521,-0.001857066,0.1092819,0.1390389,-0.02092093,0.03637068,-0.5032952,0.4421884,31.97102,353.9235,275.7612,
8531.079,0.004779864,0.003798457,0.004894285,0.1233406,-0.02738266,-0.02062808,0.01498485,-0.1007792,0.2380209,33.78344,1.007328,352.5498,-0.001609038,0.001610293,-0.002586772,0.01035846,0.03776512,-0.06179044,0.2706229,-0.6417303,0.6951613,25.27401,339.8623,317.8348,0.005975496,-0.002772731,-0.002164567,0.07458559,0.05595959,-0.0550453,0.03643682,-0.5032708,0.4421593,31.87154,353.9742,275.7668,
8544.238,0.005354912,0.006682917,0.003891623,0.1077128,-0.01357535,-0.02606297,0.01506245,-0.1005834,0.2380708,33.75054,1.00704,352.5563,-0.001727368,0.001558327,-0.00242249,0.006111567,0.04037288,-0.06003653,0.2705434,-0.6416694,0.6951519,25.30985,339.8856,317.8866,0.01664021,0.01025711,-0.005377511,-0.01279045,-0.05532989,-0.06454804,0.0368351,-0.5030609,0.4419399,31.74407,354.0605,275.7737,
8557.219,0.005342219,0.01008426,0.00416548,0.1045188,-0.01112912,-0.03195154,0.01512577,-0.1003206,0.2381536,33.64994,1.034559,352.5928,-0.001713055,0.001752002,-0.00244947,0.003127848,0.03186523,-0.04389472,0.2704861,-0.6416251,0.6951403,25.33126,339.8967,317.9145,0.02323177,0.01883437,-0.006680029,-0.09218575,-0.1958229,-0.02939987,0.03753595,-0.5027478,0.4415089,31.31211,354.2242,275.5231,
8572.426,0.005585687,0.01367737,0.005428637,0.1193134,-0.01405129,-0.04233371,0.01520389,-0.09999661,0.23828,33.49823,1.088445,352.6303,-0.001303279,0.002062344,-0.002426796,-0.005752106,0.01550678,-0.01462011,0.2704626,-0.6415905,0.6951231,25.33835,339.8966,317.915,0.02389504,0.01910437,-0.006586574,-0.1253268,-0.2412368,0.004444122,0.03776545,-0.5027915,0.4414953,31.08295,354.2804,275.2683,
8586.798,0.006217935,0.01650432,0.0067685,0.1462315,-0.01738422,-0.05733787,0.01530492,-0.09965944,0.2384332,33.31035,1.160874,352.6889,-0.001149823,0.002473551,-0.002449518,-0.009908304,0.002633845,0.00775031,0.2704405,-0.6415498,0.6950981,25.34274,339.8934,317.9069,0.01785133,0.01189717,-0.004763823,-0.1022858,-0.1797833,0.02826471,0.03754634,-0.5029559,0.4416005,31.1453,354.2495,275.2281,
8599.923,0.006280231,0.01768557,0.007372505,0.1624954,-0.02148504,-0.07008106,0.01541547,-0.09937756,0.2385765,33.14871,1.223657,352.7412,-0.001063035,0.002990704,-0.002503147,-0.007374396,-0.005685483,0.01847963,0.2704134,-0.6415063,0.6950514,25.33997,339.8841,317.8902,0.008639416,0.003141358,-0.00148591,-0.04389392,-0.07415083,0.02629246,0.03744034,-0.5029567,0.4417822,31.30902,354.1859,275.3553,
8614.385,0.00682443,0.01715176,0.006874255,0.1672692,-0.01163533,-0.0706934,0.01551986,-0.09912162,0.2386825,33.0133,1.255183,352.7991,-0.001061469,0.003487168,-0.002722678,-0.006235038,-0.0152212,0.03029285,0.2703936,-0.6414618,0.6949949,25.32655,339.8683,317.8591,-0.0009370042,-0.004111088,0.001911865,0.0006178834,0.03196117,0.02184757,0.03741577,-0.5029795,0.4418239,31.36382,354.1754,275.3846,
8628.319,0.006722942,0.01599822,0.006292408,0.1650958,-0.009092317,-0.06756906,0.01561176,-0.09892285,0.2387646,32.89453,1.27696,352.8256,-0.001186087,0.003400363,-0.002655935,-0.004277565,-0.01415447,0.02555534,0.2703759,-0.6414332,0.6949691,25.31565,339.8571,317.8357,-0.009935749,-0.006621425,0.005653624,0.0509165,0.08152308,0.007320516,0.03715961,-0.5030754,0.4420996,31.47143,354.1244,275.4521,
8641.544,0.006730993,0.0143308,0.005851512,0.1649337,-0.01614239,-0.05396849,0.01570757,-0.09876005,0.2388456,32.75698,1.288153,352.8056,-0.001040703,0.003946959,-0.002693116,-0.001810211,-0.02713021,0.03521739,0.2703746,-0.6414039,0.694953,25.28999,339.8389,317.7982,-0.01557724,-0.008500762,0.008969973,0.05385462,0.06306276,0.02058938,0.03688936,-0.5032613,0.4423254,31.51328,354.0605,275.4473,
8656.227,0.006812738,0.01216067,0.005855783,0.1651531,-0.02125804,-0.04949847,0.01580537,-0.09865224,0.2389399,32.61234,1.316426,352.82,-0.0009870074,0.003872885,-0.002709394,-0.005273824,-0.02781937,0.03845977,0.2703752,-0.6413796,0.6949385,25.26882,339.8224,317.7615,-0.01594033,-0.009298706,0.007885791,0.05999451,0.1080786,-0.01239735,0.03659431,-0.5033005,0.4424699,31.61767,354.0523,275.5669,
8670.19,0.006868532,0.009089085,0.005716858,0.1593346,-0.03200992,-0.04802362,0.01590259,-0.09861001,0.2390312,32.50583,1.35072,352.8205,-0.001378275,0.004126474,-0.002756607,0.003780165,-0.02383815,0.03347412,0.2703647,-0.6413486,0.6949157,25.24678,339.8092,317.7404,-0.0160421,-0.005784573,0.005857996,0.08255297,0.1390044,-0.05823692,0.03635117,-0.5032198,0.4426308,31.72668,354.0681,275.8089,
8683.989,0.0071278,0.004881569,0.005217723,0.1439418,-0.04283639,-0.04007108,0.01600645,-0.09868845,0.2391066,32.42809,1.391443,352.7937,-0.001557911,0.00403934,-0.002775265,0.006453075,-0.01985394,0.02873325,0.2703528,-0.641317,0.6948935,25.22794,339.7988,317.7225,-0.01662953,-0.002397251,0.005327246,0.06990369,0.0805601,-0.03582844,0.03630788,-0.5033555,0.4426987,31.68611,354.0384,275.7654,
8696.283,0.007388569,0.0002940129,0.004534438,0.1161068,-0.04564615,-0.03410011,0.01612066,-0.09883714,0.2391624,32.4004,1.417565,352.7835,-0.001414548,0.004017605,-0.00272246,0.005466314,-0.01809533,0.02100489,0.2703532,-0.6413167,0.694886,25.21262,339.7927,317.7089,-0.01552288,-0.001361307,0.004622345,0.06164319,0.0446481,-0.01563386,0.03622869,-0.5033889,0.4427533,31.6738,354.012,275.7485,
8711.826,0.007654625,-0.005125078,0.003991454,0.08934382,-0.04765823,-0.02878423,0.01623888,-0.09909408,0.2392134,32.37255,1.449198,352.7648,-0.001617027,0.003408278,-0.002595009,0.00195311,-0.001792821,0.001027776,0.2703539,-0.6413384,0.694891,25.20711,339.7923,317.7069,-0.01686749,-0.0009108917,0.004171613,0.04942567,-0.03219359,0.03041415,0.0360661,-0.5034505,0.4428248,31.62453,353.9379,275.6586,
8726.414,0.0078762,-0.01151433,0.003495149,0.05952187,-0.04468184,-0.02586715,0.01634537,-0.09946701,0.2392662,32.38534,1.489982,352.7739,-0.001600804,0.003024764,-0.002652188,-0.0005429317,0.006536419,-0.009707452,0.2703449,-0.6413353,0.6948886,25.2127,339.7943,317.7143,-0.01550527,-0.0001114066,0.003079602,0.0498001,-0.04674775,0.01796273,0.03590927,-0.5034792,0.4428977,31.57154,353.8807,275.618,
8738.212,0.007652747,-0.01752286,0.002722894,0.02257796,-0.04405733,-0.01852517,0.01642633,-0.09990333,0.2392985,32.43837,1.505186,352.7377,-0.001658944,0.00290076,-0.002507032,-0.001389381,0.01138683,-0.01378861,0.2703289,-0.6412939,0.6948727,25.22335,339.7991,317.7242,-0.01070354,-0.0003776403,-0.0006106994,0.04623182,0.007493848,-0.007121191,0.03589191,-0.5034657,0.4429059,31.59139,353.8826,275.6555,
8753.644,0.007100202,-0.02366415,0.001994254,-0.01803722,-0.04147871,-0.004817681,0.01645327,-0.1007697,0.2392899,32.5429,1.505266,352.7088,-0.001780127,0.002812735,-0.002363141,0.002674159,0.01657533,-0.01961649,0.2703084,-0.6412508,0.6948603,25.2392,339.8056,317.7422,-0.003040313,0.003795142,-0.004559803,0.01473787,0.007897086,-0.0258173,0.03587009,-0.503436,0.4428809,31.59153,353.8958,275.6869,
8767.906,0.006361024,-0.03115172,0.001709044,-0.05417671,-0.03281629,0.004862533,0.01647992,-0.1015203,0.2393214,32.66368,1.507746,352.6984,-0.001593079,0.002971675,-0.002319859,0.0005724991,0.01243668,-0.01852596,0.270279,-0.6412176,0.6948295,25.25121,339.8127,317.7578,0.005453703,0.008465519,-0.008380006,-0.01114392,0.02632889,-0.07273219,0.03599133,-0.5032076,0.4426518,31.58195,353.9776,275.7924,
8780.935,0.005773408,-0.04026735,0.00115191,-0.1057805,-0.01385756,0.01239883,0.01652446,-0.1025189,0.2392952,32.86286,1.49753,352.7071,-0.001684163,0.003421952,-0.00236589,0.006334759,0.00793002,-0.0161906,0.2702529,-0.6411862,0.6947989,25.25683,339.8181,317.7708,0.01041174,0.01709613,-0.01026499,-0.02458043,-0.0334698,-0.09852498,0.03619292,-0.5027678,0.4423197,31.46926,354.1068,275.9045,
8795.468,0.004930294,-0.05108027,0.0005392142,-0.1742891,0.006698213,0.02700692,0.01652941,-0.1035968,0.2393224,33.16993,1.461651,352.6879,-0.001762171,0.003841621,-0.002506447,0.01003924,0.003945465,-0.01169879,0.2702275,-0.6411673,0.6947983,25.25778,339.8259,317.7884,0.0104252,0.01934828,-0.01006942,-0.04153854,-0.1174297,-0.0510885,0.0362998,-0.5027431,0.4421787,31.28514,354.1289,275.7975,
8809.485,0.003939906,-0.062626,0.0002824585,-0.2531344,0.02241443,0.04331815,0.01658185,-0.1047225,0.2393375,33.53802,1.431991,352.6788,-0.001720955,0.003769241,-0.002468359,0.01062093,0.003786521,-0.01535439,0.2702117,-0.6411645,0.6948243,25.25939,339.834,317.8051,0.01142476,0.01450658,-0.01010274,-0.05308416,-0.111363,-0.02236502,0.03645787,-0.5027517,0.4420773,31.23399,354.1461,275.732,
8823.266,0.002891268,-0.07107164,8.21182E-05,-0.3105448,0.02412808,0.05676742,0.0165685,-0.105897,0.2393366,33.89806,1.405224,352.6282,-0.001631827,0.003661178,-0.002338075,0.007985136,0.004461593,-0.009544836,0.2701956,-0.6411573,0.6948398,25.26114,339.8383,317.817,0.01109392,0.01021735,-0.01103068,-0.04729764,-0.07511618,-0.01477084,0.03649128,-0.5026563,0.4419712,31.2379,354.1664,275.7301,
8836.703,0.001103861,-0.07712074,-2.731977E-07,-0.3616577,0.01782955,0.07391193,0.01644091,-0.1069694,0.2393978,34.28349,1.366923,352.5442,-0.001738664,0.00363176,-0.002413955,0.005617118,0.0004526812,0.004008546,0.2701584,-0.6411234,0.6947925,25.2589,339.8368,317.818,-0.005023542,0.00703523,-0.00280914,0.0239617,-0.1559305,0.07129262,0.03599986,-0.5029024,0.4423777,31.09628,353.9752,275.5074,
8851.027,-0.0004682825,-0.07948537,0.0004204899,-0.3887121,0.01684663,0.09063632,0.01639254,-0.1079963,0.2394533,34.63287,1.300712,352.472,-0.001612613,0.004230923,-0.002564604,0.009474635,-0.01131019,0.01260223,0.2701125,-0.6410716,0.6947197,25.24376,339.8292,317.8103,-0.05538197,-0.02029866,0.01525396,0.3107526,-0.06612749,0.3333111,0.03433875,-0.5043663,0.443786,31.27259,352.4534,274.5962,
8864.962,-0.001572377,-0.07808811,0.002098632,-0.3878702,0.01630791,0.09874752,0.016372,-0.1088184,0.2396317,34.90815,1.256051,352.4173,-0.00177683,0.004508922,-0.002573996,0.01662321,-0.01459633,0.01386231,0.2701133,-0.6410955,0.6947221,25.22527,339.8244,317.807,-0.05534794,-0.03041376,0.01356959,0.4071129,0.3737066,0.06004994,0.03379261,-0.5035345,0.4436036,32.08866,352.5879,275.8718,
8877.181,-0.002239313,-0.0736999,0.004833638,-0.3496416,0.008267293,0.09256329,0.01633735,-0.1094512,0.2398903,35.08056,1.224273,352.3538,-0.001601539,0.004689248,-0.002419011,0.02069652,-0.02028492,0.00848961,0.2701291,-0.6411373,0.6947471,25.2023,339.8244,317.8082,-0.06197014,-0.02114811,0.0123689,0.4376253,0.370912,-0.01828942,0.03297909,-0.5033462,0.4439054,32.2245,352.4099,276.3026,
8892.708,-0.002329581,-0.06467031,0.009081312,-0.2835206,0.009434398,0.07663813,0.01631153,-0.1099113,0.2402139,35.15488,1.210323,352.3611,-0.001650885,0.00453559,-0.002498762,0.01993506,-0.0170045,0.006986924,0.2701411,-0.6411716,0.6947594,25.1818,339.8229,317.81,-0.05921384,-0.006190724,0.01738507,0.3955568,0.216471,-0.08357881,0.03251907,-0.5034588,0.444315,31.96037,352.32,276.466,
8907.02,-0.001906238,-0.05370996,0.01329623,-0.2062148,0.02403844,0.05276485,0.0163011,-0.1102829,0.2404849,35.16048,1.199629,352.4149,-0.001553112,0.004335248,-0.002385499,0.01698406,-0.0163076,0.003999579,0.2701297,-0.6411548,0.6947156,25.16296,339.8228,317.8115,-0.03245709,-0.002118206,0.01210788,0.2399882,0.301198,-0.2313463,0.03297337,-0.5032562,0.4441459,32.14069,352.8604,277.1638,
8920.014,-0.002056885,-0.04303734,0.01595263,-0.1480544,0.0333509,0.03558207,0.01623816,-0.1104643,0.2407382,35.17252,1.176728,352.4427,-0.001835418,0.004198375,-0.002586921,0.01456879,-0.01406142,0.01604154,0.2701201,-0.6411373,0.6946715,25.14445,339.8156,317.8052,-0.0005064509,-0.0007364695,0.001668845,0.04655981,0.3162731,-0.2489721,0.03380662,-0.5029407,0.4437551,32.36464,353.4159,277.5287,
8934.58,-0.002061681,-0.03138123,0.01772087,-0.09213047,0.04313357,0.02253487,0.01622795,-0.1105817,0.2410021,35.15845,1.154011,352.4815,-0.001575379,0.003828749,-0.002468169,0.008176555,-0.0140448,0.0162977,0.2701254,-0.6411497,0.6946706,25.12997,339.81,317.7958,0.01646614,0.005488004,-0.003007926,-0.08797105,0.0641412,-0.1068526,0.03396912,-0.5032216,0.4436585,32.06889,353.334,276.8908,
8948.381,-0.002208699,-0.02132582,0.01837351,-0.0506926,0.04119738,0.01205172,0.0161728,-0.1105444,0.2412504,35.12868,1.154877,352.5024,-0.002019948,0.003080361,-0.002267235,0.006520608,0.0002815961,0.009149223,0.270124,-0.6411593,0.6946784,25.12487,339.8052,317.7928,0.01830677,0.00952499,-0.003761246,-0.1164968,-0.1412837,-0.003187329,0.03410546,-0.5033315,0.4435452,31.78968,353.3483,276.5566,
8961.478,-0.002387464,-0.01225472,0.0185772,-0.02276996,0.03103775,0.001352984,0.01611923,-0.1103702,0.2414914,35.09948,1.17247,352.5219,-0.001875353,0.002696224,-0.002028271,-0.002725994,-0.0005532717,0.008993833,0.270108,-0.6411589,0.6946782,25.12394,339.7998,317.786,0.03103729,0.01256281,-0.01101347,-0.1447595,-0.05287053,-0.1292983,0.03552695,-0.5025533,0.4427254,31.73017,353.7815,276.8865,
8976.142,-0.002218555,-0.00260499,0.01814947,0.01369826,0.02095806,-0.01075042,0.01608866,-0.1105995,0.2417505,35.0087,1.192842,352.5436,-0.001910952,0.002673638,-0.001873358,-0.002146879,-0.0007299432,0.005338615,0.2700844,-0.6411645,0.6946797,25.1245,339.7972,317.7791,0.04541933,0.02079646,-0.022348,-0.09652656,-0.07804939,-0.02603117,0.03633693,-0.502148,0.442342,31.69383,353.7653,276.7872,
8990.109,-0.00237112,0.005046026,0.01786995,0.04489028,0.01333658,-0.02326808,0.01604558,-0.1102604,0.2419962,34.89956,1.236968,352.5909,-0.001879945,0.00234411,-0.001641599,-0.004696358,0.002904339,-0.006486823,0.2700532,-0.6411809,0.6946943,25.12986,339.7995,317.7798,0.03742412,0.0228692,-0.01476086,-0.105661,-0.2705146,0.08614669,0.03639513,-0.5026157,0.4426948,31.28196,353.5378,276.1456,
9003.93,-0.002299414,0.0120618,0.01708487,0.08066446,0.01155676,-0.03439404,0.01602047,-0.109502,0.242165,34.76162,1.259504,352.6432,-0.002232156,0.001988251,-0.001464179,-0.006703912,0.008088723,-0.003274309,0.2700164,-0.6412239,0.6947463,25.13868,339.8024,317.7834,0.02395254,0.01199095,-0.00555726,-0.07482563,-0.2672827,0.1080575,0.03609015,-0.5030255,0.4428734,31.12791,353.3959,275.8877,
9016.191,-0.002523191,0.0177896,0.01609035,0.1059375,0.01567219,-0.04681513,0.0159634,-0.1091371,0.2423367,34.63353,1.293861,352.7015,-0.002087923,0.001910705,-0.001366782,-0.01076883,0.002922129,0.00257566,0.2699838,-0.6412687,0.6947987,25.14623,339.8039,317.7813,0.00923143,0.002468326,0.0004579017,0.02459915,-0.112593,0.05177642,0.03558353,-0.5028973,0.4431519,31.38263,353.3811,276.2435,
9031.795,-0.002369139,0.021423,0.01462624,0.1188928,0.01964738,-0.04614074,0.01596891,-0.108789,0.2424816,34.52062,1.300311,352.7501,-0.002112436,0.001811752,-0.001345796,-0.0113474,0.003094943,0.00623318,0.2699631,-0.6412714,0.6948097,25.15318,339.8009,317.7713,-0.008757507,-0.008131716,0.006687957,0.1075718,0.01740071,0.0700762,0.03558889,-0.5030241,0.443396,31.51256,353.1997,276.2767,
9045.625,-0.002618416,0.02326716,0.01282897,0.1315786,0.02010032,-0.04890488,0.01592545,-0.1084881,0.24258,34.39233,1.316926,352.7906,-0.002290293,0.001841913,-0.001321535,-0.008398714,0.002393523,0.009225002,0.2699465,-0.6412503,0.6947963,25.15741,339.7959,317.7635,-0.01123139,-0.00786867,0.01005384,0.08700623,0.03513782,0.04077354,0.03549878,-0.5030996,0.4435101,31.54303,353.1632,276.297,
9058.688,-0.003030104,0.02330798,0.01115541,0.1407693,0.01398424,-0.04833188,0.015879,-0.1082037,0.2426484,34.2567,1.329088,352.8068,-0.002367755,0.002356913,-0.001498884,-0.0009894227,-0.005577235,0.0182304,0.2699336,-0.6412401,0.6947891,25.15425,339.7859,317.7473,-0.01221729,-0.01148006,0.009608716,0.1112517,0.1993844,-0.05637495,0.03500957,-0.5033244,0.4439921,31.86652,353.1688,276.7444,
9073.825,-0.003095363,0.02271324,0.009400396,0.1391423,0.008363568,-0.04236412,0.01579888,-0.1079206,0.2427703,34.16602,1.348984,352.8192,-0.002132939,0.002619191,-0.001571037,-0.0009555956,-0.01179061,0.01975652,0.2699413,-0.6412719,0.6948138,25.14511,339.7778,317.7322,-0.006351567,-0.01173294,0.005676806,0.06824569,0.2940225,-0.1189185,0.0352458,-0.5029956,0.4440465,32.2092,353.4316,277.2624,
9087.776,-0.003104993,0.0208409,0.007671481,0.1322229,0.008814108,-0.03922668,0.01579445,-0.107768,0.2427771,34.07674,1.348825,352.8584,-0.002148893,0.002896382,-0.001679797,0.00658791,-0.01216241,0.01219192,0.26995,-0.6413137,0.6948447,25.1316,339.7735,317.7216,0.0007246366,-0.0008394191,0.007439874,-0.06051253,0.05944587,-0.08916727,0.03522236,-0.503198,0.4439143,31.83616,353.4892,276.8539,
9099.803,-0.002984963,0.01804402,0.006019202,0.1179841,0.01299506,-0.03660862,0.01571732,-0.1074705,0.2429314,34.02289,1.366548,352.8948,-0.002075499,0.002958759,-0.001705244,0.0003711577,-0.01523857,0.01761675,0.2699509,-0.6413317,0.6948604,25.12013,339.7686,317.7091,0.003899292,0.00137749,0.004180851,-0.06422972,0.00569052,-0.05978723,0.03529176,-0.5032463,0.4439367,31.80178,353.5019,276.8255,
9115.381,-0.002984048,0.01411991,0.004209873,0.09566205,0.01108084,-0.02705509,0.01567535,-0.1074111,0.2429361,33.98938,1.358807,352.8847,-0.00195114,0.003297721,-0.001866488,-0.0006820884,-0.02265243,0.02904468,0.2699482,-0.6413341,0.6948605,25.09677,339.7543,317.6796,0.005667407,0.00206175,-0.0002883356,-0.08233025,-0.04651168,-0.01268274,0.03534772,-0.5032598,0.4439115,31.76938,353.5532,276.7795,
9129.779,-0.003017719,0.009434585,0.001807878,0.06902079,0.01046551,-0.0178325,0.01562452,-0.1074307,0.242885,34.00121,1.344956,352.8831,-0.002021409,0.003039089,-0.001923621,-0.002102092,-0.01763544,0.02860592,0.2699581,-0.6413624,0.6948723,25.08265,339.742,317.6555,0.00420908,0.006503786,-0.002322468,-0.07350715,-0.1009522,-0.019332,0.0353444,-0.503213,0.4437968,31.65042,353.6227,276.7252,
9143.314,-0.002783742,0.005463033,-0.0005232499,0.04009339,0.01079841,-0.009501741,0.01558457,-0.107476,0.2428024,34.02837,1.338902,352.8871,-0.002369166,0.002481257,-0.001928304,-0.002465083,-0.005203519,0.01674017,0.269971,-0.6414109,0.6948971,25.07796,339.7333,317.6422,-0.0006102463,0.007156208,-0.003107986,-0.02869685,-0.08769014,-0.02321264,0.03528803,-0.5032007,0.4437917,31.60191,353.6126,276.7224,
9155.942,-0.002400105,0.001691862,-0.002985882,0.01144873,0.01186465,-0.005097753,0.01555467,-0.1075701,0.2426788,34.04831,1.342707,352.8994,-0.002581071,0.002302625,-0.00192828,0.0007189084,0.0001246925,0.005738085,0.269975,-0.6414499,0.6949179,25.07831,339.7295,317.6385,-0.006127759,0.004631444,-0.002718436,0.02509769,-0.02047136,-0.02888604,0.03523313,-0.5031599,0.4437848,31.6104,353.5914,276.7504,
9170.83,-0.001841523,-0.001819997,-0.005483875,-0.01183817,0.006937663,0.0023658,0.01552639,-0.1077015,0.2425168,34.10545,1.335477,352.8824,-0.002696083,0.001910644,-0.002038657,0.001774712,0.007539582,-0.005688706,0.2699469,-0.6414843,0.6949085,25.08269,339.7287,317.6417,-0.007169423,-0.0001424679,-0.003371704,0.0419418,0.09332188,-0.04955298,0.03506684,-0.5031168,0.4437797,31.70348,353.6105,276.9077,
9184.962,-0.0017086,-0.005155047,-0.007851949,-0.03927122,-0.006765119,0.007265158,0.01548269,-0.1078724,0.2423285,34.21314,1.350426,352.8406,-0.002784749,0.001453556,-0.002055716,0.001108547,0.01376744,-0.02482834,0.2698974,-0.641504,0.6948901,25.09586,339.74,317.6604,-0.00892041,-0.001219261,-0.001253229,0.04956407,0.1079715,-0.0518643,0.03482243,-0.5031382,0.4438744,31.77398,353.6203,277.0257,
9197.088,-0.001480101,-0.007843213,-0.009942556,-0.0610216,-0.01590785,0.009956166,0.01545794,-0.1080615,0.2421235,34.3064,1.36301,352.8123,-0.003194302,0.001377276,-0.002028435,0.008529327,0.02115289,-0.03650938,0.2698417,-0.6415167,0.6948848,25.11413,339.7569,317.6986,-0.01472538,-0.004374965,0.001333532,0.07643755,0.1359123,-0.04306359,0.0344326,-0.5032921,0.4440673,31.90347,353.5803,277.1843,
9212.908,-0.0007586768,-0.009049687,-0.01183306,-0.0834534,-0.01936403,0.01544107,0.01546377,-0.1082221,0.2418962,34.41738,1.37087,352.7838,-0.003050937,0.001499543,-0.001901096,0.00984517,0.0177044,-0.03865146,0.269798,-0.6415193,0.6948894,25.12991,339.7749,317.733,-0.01608243,-0.009468607,0.002849466,0.07930772,0.1581687,-0.01002056,0.0343607,-0.5034368,0.444223,32.06261,353.5137,277.2572,
9226.917,-9.899819E-05,-0.0092459,-0.01269646,-0.0907405,-0.02405132,0.01109343,0.01547481,-0.1083547,0.241694,34.48191,1.403995,352.7781,-0.003292607,0.00152159,-0.001934107,0.006136941,0.01720051,-0.02293675,0.2697864,-0.6415495,0.6949169,25.14126,339.7816,317.751,-0.01218004,-0.009990613,0.002870397,0.04637718,0.09256215,0.03773647,0.03447429,-0.5033607,0.4441456,32.0491,353.4797,277.1443,
9239.916,0.0005883945,-0.007908881,-0.01231152,-0.07527889,-0.02808429,-0.0001409132,0.01549894,-0.1084176,0.2415403,34.48475,1.448281,352.7781,-0.003037988,0.001963983,-0.001921118,0.009384266,0.005621492,-0.01066524,0.2697932,-0.6415817,0.6949372,25.14276,339.7876,317.7652,-0.004173328,-0.001079177,0.0008181374,0.01050847,-0.04797627,0.04347062,0.03446488,-0.5034639,0.4441703,31.93072,353.4729,277.0583,
9254.591,0.001163748,-0.005031604,-0.01091041,-0.04758577,-0.0307771,-0.0120012,0.01552872,-0.108382,0.2414438,34.44787,1.500017,352.8015,-0.00265016,0.002271406,-0.001849721,0.008303692,-0.00645826,-0.0002953441,0.2698033,-0.6416131,0.6949546,25.13808,339.7892,317.7693,0.00355972,0.002671647,-0.004201607,-0.03558471,-0.09375893,0.01790965,0.03460179,-0.5034447,0.4440098,31.84711,353.4904,276.9784,
9268.615,0.001576891,-0.001563199,-0.009177135,-0.01438654,-0.03187921,-0.02492687,0.01555683,-0.1082583,0.2413966,34.37722,1.544516,352.8293,-0.002886461,0.002441486,-0.002159227,0.009510923,-0.006634104,0.0136649,0.2698089,-0.6416615,0.6949751,25.12696,339.7839,317.7657,0.007280498,0.004496011,-0.005224331,-0.07809141,-0.188239,0.04949206,0.03485752,-0.5036746,0.4437551,31.57582,353.4939,276.6636,
9282.507,0.00229892,0.002096688,-0.007858591,0.01130158,-0.02487374,-0.03275326,0.0156063,-0.108076,0.2413529,34.32476,1.582335,352.8578,-0.002589447,0.002333926,-0.002030177,0.005037495,-0.01024355,0.00812458,0.269812,-0.6416993,0.6949902,25.11829,339.7818,317.7608,0.008865094,0.001381297,-0.006977609,-0.08502899,-0.1566776,0.04820452,0.03489785,-0.5037387,0.443656,31.5451,353.5251,276.5924,
9295.977,0.002571641,0.005276273,-0.006766367,0.02617446,-0.0170409,-0.04004215,0.01565003,-0.1078782,0.2413095,34.28192,1.621838,352.9043,-0.002705211,0.001994641,-0.002044383,0.001471418,-0.003154883,0.007256065,0.2698023,-0.6417072,0.6949861,25.11306,339.7774,317.7542,0.005563434,-0.003370302,-0.007645846,-0.02716562,-0.04104988,0.02736102,0.0348579,-0.5036869,0.443775,31.65949,353.5003,276.712,
9309.776,0.002599028,0.007879443,-0.005963745,0.03654015,-0.01558513,-0.04369358,0.01568833,-0.1076703,0.2412622,34.22216,1.667891,352.9284,-0.002820121,0.001766781,-0.002162431,-0.0007576972,0.0004774718,0.004244895,0.2697861,-0.6417002,0.6949717,25.11117,339.7744,317.7504,0.001102244,-0.004527677,-0.006031127,0.007980443,0.007342373,0.00771166,0.03486137,-0.5036993,0.443777,31.67681,353.4939,276.7351,
9324.148,0.00254544,0.009574156,-0.00578946,0.04415391,-0.00911263,-0.04363862,0.01572026,-0.1074719,0.2411962,34.18206,1.683008,352.9566,-0.002818538,0.001634605,-0.002088407,-0.0009348597,0.003583495,-0.0009235955,0.2697695,-0.6416934,0.6949606,25.11336,339.7728,317.7489,-0.01702593,-0.006512617,-0.001235221,0.1157275,0.07747214,-0.03472613,0.03425161,-0.5039311,0.4440676,31.74507,353.3762,276.9181,
9337.111,0.002192357,0.01111688,-0.00549381,0.0437966,-0.006279958,-0.04224623,0.01573291,-0.1072529,0.241144,34.14256,1.714748,352.9831,-0.002850018,0.001542825,-0.002017146,-0.005041414,0.004638311,0.003394517,0.2697389,-0.6416619,0.6949435,25.11626,339.771,317.7462,-0.00844386,-0.005800714,0.003142412,0.03979119,0.05523863,-0.01450541,0.03461044,-0.5038484,0.4439125,31.75658,353.4143,276.8813,
9352.043,0.001737423,0.01239126,-0.004986271,0.04859959,-0.004608969,-0.03724148,0.01573511,-0.1070248,0.2411072,34.08699,1.730926,352.9984,-0.002662169,0.001960659,-0.002019151,0.001872934,-0.0002258279,-0.001567557,0.2697103,-0.641632,0.6949269,25.11721,339.7704,317.7461,0.004045724,-0.001330775,-0.000875199,-0.03404589,0.02975787,-0.009856153,0.03459611,-0.5038623,0.4439148,31.76387,353.4649,276.8765,
9366.195,0.001304765,0.01314159,-0.004277402,0.0551676,-0.003584539,-0.03369288,0.01572917,-0.1068138,0.241076,34.02503,1.736709,353.0085,-0.002609599,0.002007506,-0.002093339,0.0004863988,-0.001428675,-0.000478276,0.2696855,-0.6416129,0.6949054,25.11565,339.7705,317.7456,0.004054056,0.002621348,-0.0006118573,-0.02787117,-0.0353689,0.009792387,0.03465547,-0.5038453,0.443936,31.74951,353.4749,276.8516,
9379.399,0.0008747105,0.01306947,-0.003471829,0.06500731,-0.004582817,-0.02915042,0.01571865,-0.1066337,0.2410596,33.94781,1.749885,353.0309,-0.002546986,0.002271043,-0.002067236,-0.0006389479,-0.007288864,0.008364939,0.269657,-0.6415942,0.6948779,25.11224,339.7689,317.7409,0.004013292,0.003065889,-7.140823E-05,-0.03208409,-0.07646225,0.02361873,0.0347291,-0.5038652,0.4439316,31.68934,353.4741,276.7778,
9393.817,0.0005108505,0.01230531,-0.00301809,0.07005675,-0.003505531,-0.02279484,0.01570921,-0.1064861,0.2410447,33.88756,1.739997,353.024,-0.002396411,0.002596682,-0.002114842,0.0003737329,-0.01522835,0.01763767,0.2696438,-0.6415912,0.6948581,25.09972,339.765,317.728,0.003592493,-0.0007309405,-0.001379494,-0.01916768,-0.04095742,0.02415835,0.03476766,-0.5038825,0.4439368,31.68451,353.4691,276.7541,
9407.727,8.064526E-05,0.01114583,-0.002463057,0.07115728,0.001150063,-0.01660011,0.01569434,-0.1063658,0.2410455,33.8349,1.717427,353.0221,-0.002237616,0.002713044,-0.002154192,-0.0007610688,-0.02108063,0.02648652,0.2696498,-0.641613,0.6948528,25.08178,339.7557,317.7076,0.002654009,-0.002387117,-0.001174261,-0.01071817,-0.01933627,0.009099482,0.03480349,-0.5038931,0.4439432,31.68123,353.4705,276.744,
9421.119,5.680093E-05,0.01038345,-0.001707653,0.0664456,0.008067257,-0.008340038,0.01569349,-0.1062414,0.2410608,33.80534,1.681859,353.0214,-0.002230369,0.002328019,-0.002215331,-0.004149536,-0.01708088,0.03078937,0.2696619,-0.6416398,0.6948498,25.06362,339.7413,317.6793,0.002052811,-0.002734756,-0.0006111009,-0.004213704,-0.01021708,-0.0009389939,0.03482585,-0.5039117,0.4439517,31.67323,353.473,276.7404,
9435.466,-7.368835E-06,0.009289432,-0.0003476569,0.06305187,0.01101126,-0.00135955,0.0156859,-0.1061324,0.2411177,33.76374,1.662812,353.0151,-0.002213804,0.002170022,-0.00224963,-0.006872492,-0.0148116,0.0340248,0.2697039,-0.641686,0.694882,25.04968,339.7267,317.6496,0.0005206115,-0.003436156,-0.0006738952,0.00464592,0.009243201,-0.002287953,0.03484301,-0.5039528,0.443979,31.67697,353.4715,276.744,
9449.501,0.0001675122,0.007871022,0.0006285135,0.06333257,0.004470252,0.008189104,0.01568967,-0.1060571,0.2411732,33.71545,1.641551,352.98,-0.002083804,0.002299573,-0.00223217,-0.00711717,-0.01636334,0.02780539,0.269736,-0.6417235,0.6949079,25.03899,339.7185,317.6292,-0.001393574,-0.002752831,2.232639E-05,0.01198292,0.0007513299,-0.002850509,0.0348368,-0.503984,0.4440035,31.67708,353.466,276.7488,
9463.273,0.0003492234,0.005880877,0.001011143,0.05120526,-0.006153042,0.01473328,0.01569762,-0.1060193,0.2412174,33.7156,1.621834,352.9308,-0.002336653,0.002333194,-0.002365743,-0.0009886209,-0.01175997,0.01978947,0.2697602,-0.6417515,0.6949263,25.02948,339.7096,317.6139,-0.002752608,-0.001344088,-0.0001049033,0.02004157,0.008738978,-0.02149107,0.03479757,-0.5040076,0.4440345,31.67294,353.4637,276.7706,
9475.514,0.0008105545,0.004107794,0.001051831,0.03430596,-0.01329142,0.0178122,0.01572371,-0.106002,0.2412457,33.72056,1.623235,352.9048,-0.002469521,0.002353935,-0.002463295,0.004246283,-0.006985588,0.00661986,0.2697532,-0.6417425,0.694912,25.02193,339.7055,317.607,-0.003512145,-0.0002465096,-0.0003762561,0.02179052,0.01442965,-0.02830103,0.03474816,-0.5040066,0.4440512,31.67211,353.4682,276.804,
9491.091,0.001243623,0.002503649,0.00107099,0.02418354,-0.01271134,0.01232368,0.01575208,-0.1060114,0.2412687,33.71267,1.619369,352.9077,-0.002603365,0.00203481,-0.002400406,0.00374424,0.002323906,-0.0088905,0.2697391,-0.6417289,0.6948994,25.02182,339.7083,317.6126,-0.003658982,0.0009703086,-0.0004516017,0.01672814,0.01063307,-0.0314915,0.03468884,-0.5039919,0.4440716,31.66804,353.4745,276.8362,
9505.284,0.001832418,0.001593314,0.001279727,0.01611784,-0.01243795,0.006317265,0.01578902,-0.1060109,0.2413014,33.71421,1.638285,352.9064,-0.002630919,0.002022986,-0.002385347,0.007013652,0.006084026,-0.01731548,0.2697161,-0.6416987,0.6948766,25.02571,339.7173,317.6311,-0.003334579,0.001733663,-0.0003833871,0.01097297,0.00218772,-0.02939435,0.03464073,-0.5039659,0.4440794,31.65713,353.4819,276.8618,
9517.523,0.002506626,0.0003545221,0.001214297,0.01545262,-0.0138341,-5.568296E-05,0.01583877,-0.1060403,0.2413247,33.69527,1.654781,352.911,-0.002501719,0.002087669,-0.002276822,0.003658436,0.003876358,-0.0114769,0.2697028,-0.641673,0.6948605,25.02886,339.7231,317.6418,-0.00271214,0.001468649,-0.0002186105,0.007881515,-0.004904113,-0.02746563,0.03459885,-0.503946,0.444086,31.64231,353.4906,276.8815,
9533.061,0.003175996,-0.001026656,0.0004783086,0.005820063,-0.01317341,-0.008110181,0.01590231,-0.1060877,0.2413188,33.70369,1.679391,352.9221,-0.002414939,0.002229575,-0.002253786,-0.0001855323,0.0002980572,0.0006056423,0.2696991,-0.6416668,0.6948563,25.03036,339.7229,317.6418,-0.00302792,0.0002420594,-0.0004565651,0.008878645,9.387848E-05,-0.02633828,0.03455389,-0.5039364,0.4440867,31.63185,353.5006,276.9022,
9547.317,0.003730027,-0.002008978,-0.0002002942,-0.01268728,-0.01401527,-0.01527318,0.01597011,-0.1061323,0.2413045,33.75603,1.734315,352.9448,-0.0024774,0.002087656,-0.0022216,-0.004367013,0.002923739,0.002341781,0.2696898,-0.6416607,0.6948512,25.03223,339.7191,317.6357,-0.006106481,-0.0001513709,0.0001761984,0.02474975,-0.001045534,-0.02184471,0.0344684,-0.503932,0.4440974,31.62011,353.4945,276.9236,
9560.252,0.004151727,-0.002201489,-0.0003199721,-0.01926756,-0.0151172,-0.01879332,0.01603425,-0.1061659,0.2413039,33.78188,1.764757,352.9555,-0.002681249,0.001941985,-0.002426908,-0.003803437,0.008954373,-0.002850372,0.2696699,-0.6416473,0.6948388,25.03922,339.7164,317.635,-0.007836715,-0.0004508109,0.0006457183,0.03532503,0.008378969,-0.0198691,0.03436243,-0.5039098,0.4441204,31.61158,353.4785,276.9518,
9574.687,0.004716315,-0.00169805,0.0008644749,-0.008261223,-0.01485644,-0.02815568,0.0161051,-0.106168,0.2413681,33.73552,1.817441,352.9988,-0.002714938,0.002006846,-0.00259438,-0.004462842,0.0106867,-0.001779266,0.2696298,-0.6416105,0.6948015,25.0467,339.7144,317.636,-0.005369638,-0.0003831512,-1.80098E-05,0.02242145,0.02451819,-0.02100359,0.03429341,-0.5038384,0.4441244,31.61961,353.4792,276.981,
9588.74,0.00498941,-0.0008136388,0.00230946,0.009744448,-0.01012861,-0.03427504,0.01617067,-0.1061392,0.2414631,33.68234,1.846005,353.0367,-0.002545064,0.002285403,-0.002593244,-0.000520326,0.006507367,-0.009734991,0.2695835,-0.6415673,0.6947578,25.05387,339.7168,317.6405,-0.005206055,-0.002585883,0.0004687367,0.02126523,0.04616105,-0.007082994,0.03420822,-0.5037878,0.4441524,31.65256,353.4729,277.0099,
9602.387,0.004635611,-0.0007624326,0.003040831,0.02156388,-0.006783325,-0.03323255,0.01621172,-0.106122,0.2415482,33.6529,1.860395,353.0512,-0.002723533,0.002297021,-0.002555478,0.0002077745,0.00943626,-0.009751861,0.269571,-0.641569,0.6947571,25.06193,339.7206,317.6492,-0.002612604,0.0005341784,0.0001172468,0.007745799,0.03350401,-0.02525913,0.03418689,-0.503754,0.444177,31.6635,353.4852,277.0424,
9616.041,0.003803964,-0.000982938,0.002427916,0.01539535,-0.009513091,-0.02078553,0.01622374,-0.1061179,0.2415773,33.66855,1.845191,353.0149,-0.00257407,0.002626649,-0.002593974,0.003830236,0.0007809495,-0.00629786,0.269563,-0.6415737,0.6947562,25.06459,339.7237,317.6555,-0.0004488769,0.002138275,-0.0007856555,-0.002531527,0.02295889,-0.0307715,0.03417959,-0.5037215,0.4441904,31.6685,353.5095,277.0765,
9630.296,0.002808568,-0.001733453,0.0006094193,0.00295593,-0.01299943,-0.01088244,0.01622453,-0.1061674,0.2415304,33.68196,1.857909,353.0102,-0.002538447,0.002875327,-0.002692774,0.005555092,-0.00423389,0.002954929,0.2695589,-0.6415749,0.6947486,25.06057,339.7234,317.6556,-0.0002337604,0.001604083,-0.0009992729,0.0003475929,0.01540438,-0.01898084,0.0341768,-0.5036795,0.4442032,31.67097,353.519,277.0917,
9644.109,0.002294409,-0.001496839,-0.001386552,-0.009689966,-0.01488835,-0.002736657,0.01623728,-0.1061798,0.2414468,33.71664,1.855229,352.9871,-0.002409745,0.003155881,-0.002735554,0.004992557,-0.01026718,0.008146236,0.2695515,-0.6415638,0.694729,25.05104,339.7206,317.65,-0.0001455388,0.0006398764,-0.0009889011,0.003229128,0.006374618,-0.01714314,0.03416099,-0.5036165,0.4442059,31.67112,353.5298,277.1092,
9656.406,0.001751195,-0.0008168134,-0.002241143,-0.01276194,-0.01444404,-0.00197753,0.01624097,-0.1061568,0.2413943,33.73204,1.86289,352.9812,-0.002363724,0.002954478,-0.002736193,0.0008049805,-0.007644055,0.009884738,0.2695541,-0.6415619,0.6947209,25.0436,339.7168,317.6433,-0.0001583292,0.0004217946,-0.0007091654,0.002022655,-0.01080651,-0.01184558,0.03415029,-0.503575,0.4442056,31.6633,353.5345,277.1164,
9671.937,0.001480369,0.0001846979,-0.002533038,-0.004299266,-0.01102408,-0.001140938,0.01624967,-0.1060884,0.2413649,33.71934,1.859051,352.9766,-0.002278045,0.003195358,-0.002646941,0.0008862306,-0.009194229,0.01247199,0.2695549,-0.6415474,0.6947114,25.03326,339.7103,317.6334,0.001278956,0.0009638772,-0.001143449,-0.001034784,-0.01940002,-0.01985512,0.03416209,-0.5035425,0.444189,31.63639,353.5417,277.1223,
9686.191,0.001231042,0.001591795,-0.002174807,0.00360652,-0.01389573,0.001147776,0.01625566,-0.1059904,0.2413617,33.69986,1.857061,352.9581,-0.002323159,0.003207512,-0.002551197,0.002274747,-0.007998703,0.01138145,0.2695565,-0.6415346,0.6947048,25.02545,339.7047,317.6236,0.002237085,0.001916951,-0.001695548,-0.003125728,-0.02299246,-0.02673768,0.03418884,-0.5035107,0.4441569,31.60861,353.5565,277.1368,
9698.418,0.0008798901,0.002714508,-0.001637852,0.01735135,-0.01803527,0.0009748401,0.01626252,-0.1058738,0.2413736,33.64151,1.851057,352.9295,-0.002330553,0.002952178,-0.002485159,0.001448404,-0.003163918,0.007280736,0.2695739,-0.6415585,0.6947278,25.02303,339.7014,317.6189,0.002345686,0.002027228,-0.001736441,-0.008365359,-0.03753685,-0.01351917,0.03422574,-0.5034649,0.4441174,31.57312,353.5668,277.1317,
9714.209,0.0005820229,0.003703267,-0.0013771,0.02719217,-0.01763068,0.0001981485,0.01626637,-0.1057538,0.2413778,33.60512,1.859357,352.9355,-0.002185314,0.003008071,-0.002433646,-0.001252411,-0.007103069,0.01204907,0.2695833,-0.6415727,0.6947385,25.0183,339.6965,317.6108,0.001083794,0.0006080944,-0.001198917,0.001223021,-0.0222753,-0.008276322,0.03424829,-0.5034328,0.4440943,31.55704,353.5699,277.1306,
9728.261,0.000257285,0.004631029,-0.001570023,0.02740462,-0.01271318,-0.001816805,0.01624982,-0.1056395,0.2413611,33.59263,1.850288,352.929,-0.00212469,0.002892682,-0.00232895,0.0007086694,-0.006091869,0.007305648,0.2695994,-0.6415885,0.6947557,25.01284,339.6924,317.6021,0.0007991403,-0.001416942,-0.001150157,-0.001055278,0.006124283,-0.008395863,0.03426269,-0.503422,0.4440702,31.5514,353.5738,277.1343,
9741.421,-0.0001305299,0.004937514,-0.001864077,0.03192211,-0.00996956,-0.003101514,0.01622162,-0.1055469,0.2413363,33.55212,1.868558,352.9362,-0.002369451,0.002760382,-0.002358856,0.004719027,0.0005904179,-0.001140732,0.269621,-0.641607,0.6947832,25.00994,339.6924,317.602,-0.0004225791,-0.001816634,-0.0004331548,0.001707171,0.01433349,-0.006815487,0.03426284,-0.5034295,0.4440512,31.55991,353.5778,277.1442,
9755.963,-0.0005561119,0.005569876,-0.002219084,0.0313221,-0.006495647,-0.003103659,0.01619338,-0.1054348,0.2413048,33.53183,1.857428,352.9342,-0.002224502,0.002715646,-0.0022855,0.003245029,0.0009482566,-0.002635466,0.2696339,-0.6416193,0.6948047,25.01155,339.6948,317.606,-0.000612257,-0.0001166246,-0.0001924543,-0.003622447,0.0007781357,-0.01086376,0.0342557,-0.5034232,0.4440338,31.55951,353.5855,277.1525,
9770.182,-0.000720881,0.005792637,-0.0026188,0.0325613,-0.00171317,-0.005385829,0.01618464,-0.1053307,0.2412725,33.49671,1.865395,352.9547,-0.002145079,0.002586504,-0.002198272,0.001110803,0.003041493,-0.00305862,0.2696338,-0.6416167,0.6948251,25.0149,339.6961,317.6096,-0.001564487,0.0001760046,-0.0001064269,0.0006294534,0.002491836,-0.009679759,0.03425651,-0.5033804,0.4440275,31.55578,353.5927,277.162,
9783.673,-0.0009753334,0.006198991,-0.003035158,0.03541879,-0.0005697599,-0.007916084,0.0161684,-0.1052153,0.2412341,33.47095,1.872314,352.9631,-0.002014749,0.00287882,-0.002067169,-0.0001157,-0.001254034,0.003205049,0.2696374,-0.6416136,0.6948451,25.01471,339.694,317.6075,-0.002566947,0.0004159414,0.000479705,0.008456743,-0.000190294,-0.0119553,0.034242,-0.5033389,0.4440268,31.55091,353.5952,277.1722,
9797.12,-0.001156757,0.007214525,-0.003119301,0.03345937,0.001692763,-0.008215908,0.01613955,-0.1050769,0.2411974,33.45462,1.866813,352.9693,-0.00199549,0.002871222,-0.001935674,0.001188277,0.001490502,-0.000466408,0.2696703,-0.6416345,0.6948912,25.01541,339.6935,317.6079,-0.002811299,0.0001486712,0.0001898587,0.01064024,0.008732127,-0.01326367,0.03422897,-0.5033213,0.4440375,31.55095,353.5953,277.1819,
9811.286,-0.001425262,0.007890908,-0.002831798,0.04249408,0.00290571,-0.01268515,0.01610269,-0.1049427,0.2411774,33.38599,1.870628,352.9776,-0.001808114,0.002607508,-0.001776633,-0.000368085,0.003398689,-0.004547491,0.2697106,-0.6416578,0.6949412,25.0189,339.6954,317.6127,-0.003509946,0.000305171,-4.498533E-05,0.02084184,0.01784612,-0.01773168,0.03420694,-0.5033206,0.4440728,31.55544,353.5936,277.2058,
9825.179,-0.001723731,0.008630843,-0.00245874,0.04888303,0.001402688,-0.0128482,0.01606198,-0.1047968,0.2411648,33.33318,1.87271,352.9832,-0.001624993,0.002671821,-0.001565052,0.001760951,0.00130554,-0.00411757,0.2697632,-0.6416905,0.6949979,25.02077,339.6963,317.6151,-0.003706796,0.001613331,-1.185224E-06,0.02138834,0.01414125,-0.0347369,0.03417854,-0.5033008,0.4441059,31.55256,353.6002,277.2473,
9837.45,-0.001839071,0.008963482,-0.002346704,0.05526033,0.004159399,-0.01112933,0.01602344,-0.1046598,0.2411484,33.27728,1.863685,352.9962,-0.001517167,0.002555161,-0.001662063,-0.003727578,0.001189909,0.001294532,0.2697841,-0.641688,0.6950055,25.02159,339.696,317.6138,-0.003687148,0.000595813,-0.0002915356,0.02110991,0.01675978,-0.02125644,0.03413695,-0.5032519,0.4440944,31.55169,353.5982,277.2702,
9853.114,-0.001862606,0.008816572,-0.00242427,0.0575032,0.006524171,-0.007992648,0.01598767,-0.1045421,0.241124,33.23866,1.845857,352.9937,-0.001606548,0.00275474,-0.001797896,0.001268489,-6.322011E-05,0.002124046,0.2698048,-0.6416849,0.6950104,25.02034,339.6954,317.6127,-0.001951768,-0.001218356,-0.001024818,0.01004514,0.03105349,-0.007375491,0.03411138,-0.5032116,0.4440789,31.56833,353.5996,277.2875,
9867.395,-0.002150193,0.008708987,-0.002507545,0.05464067,0.005396719,-0.005480948,0.01592113,-0.1044137,0.2410996,33.20438,1.849208,352.9868,-0.001388122,0.003042906,-0.001788336,0.002170765,-0.006447733,0.008813813,0.2698135,-0.6416787,0.6950192,25.01529,339.6923,317.6076,-9.666993E-05,-5.843264E-05,-0.001247833,-0.007489282,0.006245893,-0.003893636,0.03411501,-0.5032001,0.444074,31.57328,353.6056,277.2917,
9880.291,-0.002315797,0.008690638,-0.002529254,0.05621218,0.005033256,-0.003398683,0.01586126,-0.1042823,0.2410745,33.15339,1.825963,352.9834,-0.001151517,0.003156006,-0.001724806,-0.0004523655,-0.01193518,0.01616958,0.269821,-0.6416703,0.6950212,25.00555,339.6844,317.5939,0.0006629949,0.000963338,-0.001656702,-0.008983604,-0.007356488,-0.002326285,0.03412911,-0.5031942,0.4440593,31.56915,353.6119,277.2894,
9894.578,-0.002476273,0.008797149,-0.002272571,0.05891855,-0.00202583,-0.006119506,0.01581111,-0.104145,0.2410693,33.09036,1.842353,352.9815,-0.001255866,0.003368459,-0.00170812,0.001013741,-0.01229154,0.01766653,0.2698267,-0.6416475,0.6950185,24.99243,339.6741,317.5754,-7.227008E-05,0.0008291806,-0.001577112,0.000359157,-0.005705434,-0.000586739,0.03413886,-0.503184,0.4440422,31.564,353.6148,277.2872,
9908.169,-0.002145692,0.008667252,-0.002359783,0.0605887,-0.004671669,-0.006723359,0.01579137,-0.104022,0.2410488,33.04205,1.848107,352.9853,-0.00112749,0.003414062,-0.001800943,0.002238265,-0.01420879,0.01294379,0.2698211,-0.6416103,0.6950004,24.98092,339.6698,317.5659,-0.001135989,-8.196239E-05,-0.001141008,0.007420525,0.009572778,-0.006023755,0.03412672,-0.5031737,0.4440288,31.56416,353.6144,277.2935,
9921.28,-0.002084742,0.008147532,-0.002502277,0.0607577,-0.0007453159,-0.008386877,0.01576118,-0.1039241,0.2410197,33.00403,1.84622,353.0051,-0.001435523,0.003153403,-0.001838118,-0.001931017,-0.005358018,0.01313941,0.2698148,-0.6415724,0.6949831,24.97256,339.6654,317.5554,-0.002815763,-0.0003155506,-0.0007769824,0.02071359,0.02186064,-0.0150707,0.03408631,-0.5031664,0.444024,31.57296,353.6092,277.319,
9936.915,-0.002134508,0.008324359,-0.00258443,0.05881603,0.006740753,-0.007327083,0.01572099,-0.1038127,0.2409814,32.95799,1.823319,353.0066,-0.001468848,0.002822027,-0.001749358,-0.0003682603,0.003397194,-0.004541872,0.2698138,-0.6415626,0.6949835,24.9734,339.666,317.5581,-0.0044755,0.0003082828,-0.0007045788,0.0302465,0.02489077,-0.02415169,0.03401944,-0.5031592,0.4440352,31.57877,353.6024,277.3578,
9951.19,-0.002204861,0.009055197,-0.002100675,0.06626751,0.006090325,-0.008155362,0.01567647,-0.1036722,0.2409699,32.88093,1.831699,353.0161,-0.001531846,0.002592761,-0.001800434,-0.003149305,0.007226543,-0.003898362,0.2698089,-0.6415467,0.6949829,24.97853,339.6681,317.5643,-0.004583387,0.0001992942,-0.0004946061,0.03635015,0.03518829,-0.03067457,0.03394553,-0.5031533,0.444056,31.58669,353.5962,277.4121,
9964.874,-0.00209209,0.009754825,-0.001700237,0.07841986,0.007772577,-0.01378477,0.01562966,-0.1035021,0.2409682,32.78093,1.825422,353.0383,-0.001547988,0.002632303,-0.001690732,-0.001678504,0.006867969,-0.002400369,0.2698184,-0.6415405,0.6949956,24.9823,339.668,317.5668,-0.00448223,-0.001669831,-0.0005143557,0.03075629,0.05116344,-0.0206772,0.03388734,-0.5031662,0.4440794,31.61087,353.5945,277.4455,
9977.189,-0.001765635,0.01088817,-0.001800913,0.08087926,0.0108044,-0.01462589,0.01559715,-0.1033021,0.2409471,32.73099,1.82343,353.054,-0.001389157,0.002758404,-0.001633822,-0.0009442968,0.003582903,-0.0008827141,0.2698346,-0.6415321,0.6950135,24.98405,339.6677,317.569,-0.007865505,-0.002524721,0.0009458555,0.04727359,0.0456436,-0.0157668,0.03373945,-0.5032021,0.4441329,31.63423,353.5697,277.4854,
9992.662,-0.001658447,0.01201987,-0.001720564,0.09140329,0.009668124,-0.0161926,0.01556292,-0.1030945,0.2409306,32.62609,1.821769,353.0584,-0.001378664,0.002862416,-0.001683942,0.002003669,0.002862921,0.0021086,0.2698613,-0.6415383,0.6950364,24.98454,339.665,317.5682,-0.01338328,-0.002117872,0.002265753,0.08513074,0.0605962,-0.03833594,0.03340947,-0.5032215,0.4442316,31.66437,353.5159,277.6032,
10006.968,-0.001632218,0.01439005,-0.001251567,0.1144158,0.01474767,-0.01571738,0.01553172,-0.1028224,0.2409308,32.48152,1.788792,353.083,-0.001108423,0.002903106,-0.001577456,0.002411781,-0.0004330265,-0.005179651,0.2698825,-0.6415575,0.6950436,24.9849,339.6664,317.5709,-0.01558135,-0.0007658544,0.002433823,0.09780541,0.06014622,-0.05350339,0.03321184,-0.5031975,0.444305,31.67403,353.4788,277.7201,
10020.026,-0.001933127,0.01800215,0.0003444338,0.147349,0.02107032,-0.01161106,0.01548721,-0.1024557,0.2409934,32.28971,1.743223,353.0882,-0.001156112,0.002871859,-0.001742957,0.001918581,-0.001797901,0.001062783,0.2698986,-0.6415732,0.6950486,24.98477,339.6661,317.572,-0.01456529,-0.0001711299,0.00232131,0.08299338,0.04500865,-0.03854223,0.03309074,-0.5032241,0.4443448,31.67542,353.4557,277.7432,
10034.512,-0.002658093,0.02261848,0.002850776,0.1988998,0.02101899,-0.00428746,0.01537676,-0.1017411,0.2412638,32.0158,1.674427,353.0602,-0.001092711,0.00306568,-0.001926496,0.002737303,-0.006634891,0.005165375,0.2698912,-0.6415867,0.6950219,24.98055,339.6649,317.5693,-0.01570383,-0.0003758811,0.002891598,0.08857235,0.05367741,-0.04051441,0.03274333,-0.5032604,0.4444592,31.69263,353.419,277.8216,
10062.079,-0.003847071,0.03142547,0.005746554,0.2754786,0.008890198,0.004798095,0.01521199,-0.1006429,0.2414383,31.48423,1.572605,352.9988,-0.001206663,0.002957053,-0.002046107,-4.289462E-05,-0.00280482,0.005806745,0.2698606,-0.6415845,0.6949647,24.97674,339.6606,317.5682,-0.04556743,-0.01170616,0.008294852,0.2698446,0.2181333,-0.03931666,0.03036353,-0.5037413,0.4453455,32.07293,352.8968,278.4333,
10073.086,-0.00398969,0.03497932,0.005856476,0.2880956,0.002072653,0.006749976,0.0151642,-0.09998709,0.241519,31.23908,1.530982,352.9728,-0.001269382,0.002956057,-0.002235672,0.0008560024,-0.002977418,0.01095734,0.269857,-0.6415827,0.6949532,24.97362,339.656,317.5629,-0.05859419,-0.01862439,0.0113702,0.3489785,0.2939724,-0.01471469,0.02968052,-0.5039428,0.4458014,32.35148,352.5255,278.6664,
10087.195,-0.004373566,0.03804975,0.005710946,0.3059868,-0.01781131,0.002128398,0.01508866,-0.09945361,0.2415566,30.95309,1.527364,352.9232,-0.001573244,0.002787626,-0.002228705,0.006924564,0.003146825,0.0003461909,0.2698482,-0.6415845,0.6949394,24.97154,339.653,317.5623,-0.03595347,-0.0163974,0.008619009,0.1911908,0.2958184,-0.06973302,0.03100717,-0.5035139,0.4453935,32.53933,352.8374,278.9539,
10099.449,-0.004703567,0.04032311,0.005198906,0.30642,-0.05113905,0.008097046,0.01499873,-0.09887666,0.241629,30.71795,1.525399,352.7986,-0.001493637,0.002617186,-0.00226352,0.005291216,0.00660559,-0.00632368,0.2698464,-0.6415883,0.6949432,24.97283,339.6536,317.5688,0.002993035,-0.003276485,-0.0003711121,-0.0461272,0.1321421,-0.09211032,0.03168413,-0.5032585,0.4449047,32.26942,353.2327,278.6652,
